time	time	departures_all	arrivals_all	stuck_all	en-route_all	departures_car	arrivals_car	stuck_car	en-route_car	departures_pt	arrivals_pt	stuck_pt	en-route_pt	departures_ride_share_driver	arrivals_ride_share_driver	stuck_ride_share_driver	en-route_ride_share_driver	departures_ride_share_passenger	arrivals_ride_share_passenger	stuck_ride_share_passenger	en-route_ride_share_passenger	departures_transit_walk	arrivals_transit_walk	stuck_transit_walk	en-route_transit_walk	departures_walk	arrivals_walk	stuck_walk	en-route_walk
00:00:00	0	0	0	0	0	0	0	0	0	0	0	0	0	0	0	0	0	0	0	0	0	0	0	0	0	0	0	0	0
00:05:00	300	0	0	0	0	0	0	0	0	0	0	0	0	0	0	0	0	0	0	0	0	0	0	0	0	0	0	0	0
00:10:00	600	0	0	0	0	0	0	0	0	0	0	0	0	0	0	0	0	0	0	0	0	0	0	0	0	0	0	0	0
00:15:00	900	0	0	0	0	0	0	0	0	0	0	0	0	0	0	0	0	0	0	0	0	0	0	0	0	0	0	0	0
00:20:00	1200	0	0	0	0	0	0	0	0	0	0	0	0	0	0	0	0	0	0	0	0	0	0	0	0	0	0	0	0
00:25:00	1500	0	0	0	0	0	0	0	0	0	0	0	0	0	0	0	0	0	0	0	0	0	0	0	0	0	0	0	0
00:30:00	1800	0	0	0	0	0	0	0	0	0	0	0	0	0	0	0	0	0	0	0	0	0	0	0	0	0	0	0	0
00:35:00	2100	0	0	0	0	0	0	0	0	0	0	0	0	0	0	0	0	0	0	0	0	0	0	0	0	0	0	0	0
00:40:00	2400	0	0	0	0	0	0	0	0	0	0	0	0	0	0	0	0	0	0	0	0	0	0	0	0	0	0	0	0
00:45:00	2700	0	0	0	0	0	0	0	0	0	0	0	0	0	0	0	0	0	0	0	0	0	0	0	0	0	0	0	0
00:50:00	3000	0	0	0	0	0	0	0	0	0	0	0	0	0	0	0	0	0	0	0	0	0	0	0	0	0	0	0	0
00:55:00	3300	0	0	0	0	0	0	0	0	0	0	0	0	0	0	0	0	0	0	0	0	0	0	0	0	0	0	0	0
01:00:00	3600	0	0	0	0	0	0	0	0	0	0	0	0	0	0	0	0	0	0	0	0	0	0	0	0	0	0	0	0
01:05:00	3900	0	0	0	0	0	0	0	0	0	0	0	0	0	0	0	0	0	0	0	0	0	0	0	0	0	0	0	0
01:10:00	4200	0	0	0	0	0	0	0	0	0	0	0	0	0	0	0	0	0	0	0	0	0	0	0	0	0	0	0	0
01:15:00	4500	0	0	0	0	0	0	0	0	0	0	0	0	0	0	0	0	0	0	0	0	0	0	0	0	0	0	0	0
01:20:00	4800	0	0	0	0	0	0	0	0	0	0	0	0	0	0	0	0	0	0	0	0	0	0	0	0	0	0	0	0
01:25:00	5100	0	0	0	0	0	0	0	0	0	0	0	0	0	0	0	0	0	0	0	0	0	0	0	0	0	0	0	0
01:30:00	5400	0	0	0	0	0	0	0	0	0	0	0	0	0	0	0	0	0	0	0	0	0	0	0	0	0	0	0	0
01:35:00	5700	0	0	0	0	0	0	0	0	0	0	0	0	0	0	0	0	0	0	0	0	0	0	0	0	0	0	0	0
01:40:00	6000	0	0	0	0	0	0	0	0	0	0	0	0	0	0	0	0	0	0	0	0	0	0	0	0	0	0	0	0
01:45:00	6300	0	0	0	0	0	0	0	0	0	0	0	0	0	0	0	0	0	0	0	0	0	0	0	0	0	0	0	0
01:50:00	6600	0	0	0	0	0	0	0	0	0	0	0	0	0	0	0	0	0	0	0	0	0	0	0	0	0	0	0	0
01:55:00	6900	0	0	0	0	0	0	0	0	0	0	0	0	0	0	0	0	0	0	0	0	0	0	0	0	0	0	0	0
02:00:00	7200	0	0	0	0	0	0	0	0	0	0	0	0	0	0	0	0	0	0	0	0	0	0	0	0	0	0	0	0
02:05:00	7500	0	0	0	0	0	0	0	0	0	0	0	0	0	0	0	0	0	0	0	0	0	0	0	0	0	0	0	0
02:10:00	7800	0	0	0	0	0	0	0	0	0	0	0	0	0	0	0	0	0	0	0	0	0	0	0	0	0	0	0	0
02:15:00	8100	0	0	0	0	0	0	0	0	0	0	0	0	0	0	0	0	0	0	0	0	0	0	0	0	0	0	0	0
02:20:00	8400	0	0	0	0	0	0	0	0	0	0	0	0	0	0	0	0	0	0	0	0	0	0	0	0	0	0	0	0
02:25:00	8700	0	0	0	0	0	0	0	0	0	0	0	0	0	0	0	0	0	0	0	0	0	0	0	0	0	0	0	0
02:30:00	9000	0	0	0	0	0	0	0	0	0	0	0	0	0	0	0	0	0	0	0	0	0	0	0	0	0	0	0	0
02:35:00	9300	0	0	0	0	0	0	0	0	0	0	0	0	0	0	0	0	0	0	0	0	0	0	0	0	0	0	0	0
02:40:00	9600	0	0	0	0	0	0	0	0	0	0	0	0	0	0	0	0	0	0	0	0	0	0	0	0	0	0	0	0
02:45:00	9900	0	0	0	0	0	0	0	0	0	0	0	0	0	0	0	0	0	0	0	0	0	0	0	0	0	0	0	0
02:50:00	10200	0	0	0	0	0	0	0	0	0	0	0	0	0	0	0	0	0	0	0	0	0	0	0	0	0	0	0	0
02:55:00	10500	0	0	0	0	0	0	0	0	0	0	0	0	0	0	0	0	0	0	0	0	0	0	0	0	0	0	0	0
03:00:00	10800	0	0	0	0	0	0	0	0	0	0	0	0	0	0	0	0	0	0	0	0	0	0	0	0	0	0	0	0
03:05:00	11100	0	0	0	0	0	0	0	0	0	0	0	0	0	0	0	0	0	0	0	0	0	0	0	0	0	0	0	0
03:10:00	11400	0	0	0	0	0	0	0	0	0	0	0	0	0	0	0	0	0	0	0	0	0	0	0	0	0	0	0	0
03:15:00	11700	0	0	0	0	0	0	0	0	0	0	0	0	0	0	0	0	0	0	0	0	0	0	0	0	0	0	0	0
03:20:00	12000	0	0	0	0	0	0	0	0	0	0	0	0	0	0	0	0	0	0	0	0	0	0	0	0	0	0	0	0
03:25:00	12300	0	0	0	0	0	0	0	0	0	0	0	0	0	0	0	0	0	0	0	0	0	0	0	0	0	0	0	0
03:30:00	12600	0	0	0	0	0	0	0	0	0	0	0	0	0	0	0	0	0	0	0	0	0	0	0	0	0	0	0	0
03:35:00	12900	0	0	0	0	0	0	0	0	0	0	0	0	0	0	0	0	0	0	0	0	0	0	0	0	0	0	0	0
03:40:00	13200	0	0	0	0	0	0	0	0	0	0	0	0	0	0	0	0	0	0	0	0	0	0	0	0	0	0	0	0
03:45:00	13500	0	0	0	0	0	0	0	0	0	0	0	0	0	0	0	0	0	0	0	0	0	0	0	0	0	0	0	0
03:50:00	13800	0	0	0	0	0	0	0	0	0	0	0	0	0	0	0	0	0	0	0	0	0	0	0	0	0	0	0	0
03:55:00	14100	0	0	0	0	0	0	0	0	0	0	0	0	0	0	0	0	0	0	0	0	0	0	0	0	0	0	0	0
04:00:00	14400	0	0	0	0	0	0	0	0	0	0	0	0	0	0	0	0	0	0	0	0	0	0	0	0	0	0	0	0
04:05:00	14700	0	0	0	0	0	0	0	0	0	0	0	0	0	0	0	0	0	0	0	0	0	0	0	0	0	0	0	0
04:10:00	15000	0	0	0	0	0	0	0	0	0	0	0	0	0	0	0	0	0	0	0	0	0	0	0	0	0	0	0	0
04:15:00	15300	0	0	0	0	0	0	0	0	0	0	0	0	0	0	0	0	0	0	0	0	0	0	0	0	0	0	0	0
04:20:00	15600	0	0	0	0	0	0	0	0	0	0	0	0	0	0	0	0	0	0	0	0	0	0	0	0	0	0	0	0
04:25:00	15900	0	0	0	0	0	0	0	0	0	0	0	0	0	0	0	0	0	0	0	0	0	0	0	0	0	0	0	0
04:30:00	16200	0	0	0	0	0	0	0	0	0	0	0	0	0	0	0	0	0	0	0	0	0	0	0	0	0	0	0	0
04:35:00	16500	0	0	0	0	0	0	0	0	0	0	0	0	0	0	0	0	0	0	0	0	0	0	0	0	0	0	0	0
04:40:00	16800	0	0	0	0	0	0	0	0	0	0	0	0	0	0	0	0	0	0	0	0	0	0	0	0	0	0	0	0
04:45:00	17100	0	0	0	0	0	0	0	0	0	0	0	0	0	0	0	0	0	0	0	0	0	0	0	0	0	0	0	0
04:50:00	17400	0	0	0	0	0	0	0	0	0	0	0	0	0	0	0	0	0	0	0	0	0	0	0	0	0	0	0	0
04:55:00	17700	0	0	0	0	0	0	0	0	0	0	0	0	0	0	0	0	0	0	0	0	0	0	0	0	0	0	0	0
05:00:00	18000	0	0	0	0	0	0	0	0	0	0	0	0	0	0	0	0	0	0	0	0	0	0	0	0	0	0	0	0
05:05:00	18300	0	0	0	0	0	0	0	0	0	0	0	0	0	0	0	0	0	0	0	0	0	0	0	0	0	0	0	0
05:10:00	18600	0	0	0	0	0	0	0	0	0	0	0	0	0	0	0	0	0	0	0	0	0	0	0	0	0	0	0	0
05:15:00	18900	0	0	0	0	0	0	0	0	0	0	0	0	0	0	0	0	0	0	0	0	0	0	0	0	0	0	0	0
05:20:00	19200	0	0	0	0	0	0	0	0	0	0	0	0	0	0	0	0	0	0	0	0	0	0	0	0	0	0	0	0
05:25:00	19500	0	0	0	0	0	0	0	0	0	0	0	0	0	0	0	0	0	0	0	0	0	0	0	0	0	0	0	0
05:30:00	19800	0	0	0	0	0	0	0	0	0	0	0	0	0	0	0	0	0	0	0	0	0	0	0	0	0	0	0	0
05:35:00	20100	0	0	0	0	0	0	0	0	0	0	0	0	0	0	0	0	0	0	0	0	0	0	0	0	0	0	0	0
05:40:00	20400	0	0	0	0	0	0	0	0	0	0	0	0	0	0	0	0	0	0	0	0	0	0	0	0	0	0	0	0
05:45:00	20700	0	0	0	0	0	0	0	0	0	0	0	0	0	0	0	0	0	0	0	0	0	0	0	0	0	0	0	0
05:50:00	21000	0	0	0	0	0	0	0	0	0	0	0	0	0	0	0	0	0	0	0	0	0	0	0	0	0	0	0	0
05:55:00	21300	0	0	0	0	0	0	0	0	0	0	0	0	0	0	0	0	0	0	0	0	0	0	0	0	0	0	0	0
06:00:00	21600	0	0	0	0	0	0	0	0	0	0	0	0	0	0	0	0	0	0	0	0	0	0	0	0	0	0	0	0
06:05:00	21900	0	0	0	0	0	0	0	0	0	0	0	0	0	0	0	0	0	0	0	0	0	0	0	0	0	0	0	0
06:10:00	22200	0	0	0	0	0	0	0	0	0	0	0	0	0	0	0	0	0	0	0	0	0	0	0	0	0	0	0	0
06:15:00	22500	0	0	0	0	0	0	0	0	0	0	0	0	0	0	0	0	0	0	0	0	0	0	0	0	0	0	0	0
06:20:00	22800	0	0	0	0	0	0	0	0	0	0	0	0	0	0	0	0	0	0	0	0	0	0	0	0	0	0	0	0
06:25:00	23100	0	0	0	0	0	0	0	0	0	0	0	0	0	0	0	0	0	0	0	0	0	0	0	0	0	0	0	0
06:30:00	23400	0	0	0	0	0	0	0	0	0	0	0	0	0	0	0	0	0	0	0	0	0	0	0	0	0	0	0	0
06:35:00	23700	0	0	0	0	0	0	0	0	0	0	0	0	0	0	0	0	0	0	0	0	0	0	0	0	0	0	0	0
06:40:00	24000	0	0	0	0	0	0	0	0	0	0	0	0	0	0	0	0	0	0	0	0	0	0	0	0	0	0	0	0
06:45:00	24300	0	0	0	0	0	0	0	0	0	0	0	0	0	0	0	0	0	0	0	0	0	0	0	0	0	0	0	0
06:50:00	24600	0	0	0	0	0	0	0	0	0	0	0	0	0	0	0	0	0	0	0	0	0	0	0	0	0	0	0	0
06:55:00	24900	2	0	0	2	1	0	0	1	0	0	0	0	0	0	0	0	1	0	0	1	0	0	0	0	0	0	0	0
07:00:00	25200	2	1	0	3	1	1	0	1	0	0	0	0	0	0	0	0	1	0	0	2	0	0	0	0	0	0	0	0
07:05:00	25500	3	2	0	4	2	1	0	2	0	0	0	0	0	0	0	0	0	1	0	1	1	0	0	1	0	0	0	0
07:10:00	25800	6	0	0	10	1	0	0	3	0	0	0	0	0	0	0	0	4	0	0	5	1	0	0	2	0	0	0	0
07:15:00	26100	6	7	0	9	1	2	0	2	3	1	0	2	0	1	0	-1	1	0	0	6	1	3	0	0	0	0	0	0
07:20:00	26400	16	6	0	19	9	3	0	8	0	2	0	0	0	0	0	-1	5	0	0	11	2	1	0	1	0	0	0	0
07:25:00	26700	12	8	1	22	9	5	1	11	0	0	0	0	0	0	0	-1	3	2	0	12	0	1	0	0	0	0	0	0
07:30:00	27000	26	17	3	28	17	10	3	15	0	0	0	0	0	4	0	-5	8	3	0	17	0	0	0	0	1	0	0	1
07:35:00	27300	16	16	1	27	14	7	1	21	0	0	0	0	0	5	0	-10	1	4	0	14	0	0	0	0	1	0	0	2
07:40:00	27600	21	14	0	34	12	7	0	26	0	0	0	0	0	2	0	-12	9	5	0	18	0	0	0	0	0	0	0	2
07:45:00	27900	44	21	1	56	31	12	1	44	0	0	0	0	0	5	0	-17	11	4	0	25	2	0	0	2	0	0	0	2
07:50:00	28200	72	36	0	92	53	28	0	69	0	0	0	0	0	4	0	-21	18	4	0	39	1	0	0	3	0	0	0	2
07:55:00	28500	73	73	0	92	53	45	0	77	1	1	0	0	0	16	0	-37	16	10	0	45	2	1	0	4	1	0	0	3
08:00:00	28800	74	66	1	99	54	37	1	93	2	1	0	1	0	11	0	-48	16	14	0	47	2	2	0	4	0	1	0	2
08:05:00	29100	74	75	1	97	56	42	1	106	0	1	0	0	0	15	0	-63	16	16	0	47	2	1	0	5	0	0	0	2
08:10:00	29400	71	62	0	106	50	34	0	122	3	1	0	2	0	14	0	-77	17	10	0	54	1	3	0	3	0	0	0	2
08:15:00	29700	62	73	0	95	47	40	0	129	0	2	0	0	0	13	0	-90	13	17	0	50	2	1	0	4	0	0	0	2
08:20:00	30000	63	61	1	96	49	32	1	145	1	1	0	0	0	14	0	-104	10	13	0	47	3	1	0	6	0	0	0	2
08:25:00	30300	50	60	1	85	43	32	1	155	0	0	0	0	0	16	0	-120	7	11	0	43	0	1	0	5	0	0	0	2
08:30:00	30600	50	62	0	73	41	24	0	172	3	1	0	2	0	20	0	-140	5	13	0	35	1	4	0	2	0	0	0	2
08:35:00	30900	40	45	0	68	27	22	0	177	0	2	0	0	0	11	0	-151	11	9	0	37	2	1	0	3	0	0	0	2
08:40:00	31200	34	36	2	64	27	16	2	186	0	0	0	0	0	13	0	-164	6	5	0	38	0	2	0	1	1	0	0	3
08:45:00	31500	29	34	0	59	21	17	0	190	0	0	0	0	0	9	0	-173	8	8	0	38	0	0	0	1	0	0	0	3
08:50:00	31800	26	28	1	56	20	16	1	193	1	0	0	1	0	3	0	-176	5	6	0	37	0	1	0	0	0	2	0	1
08:55:00	32100	30	28	1	57	20	11	1	201	0	1	0	0	0	9	0	-185	9	7	0	39	1	0	0	1	0	0	0	1
09:00:00	32400	13	16	0	54	10	11	0	200	0	0	0	0	0	3	0	-188	3	1	0	41	0	0	0	1	0	1	0	0
09:05:00	32700	16	19	0	51	14	9	0	205	0	0	0	0	0	5	0	-193	2	5	0	38	0	0	0	1	0	0	0	0
09:10:00	33000	14	18	0	47	10	10	0	205	0	0	0	0	0	3	0	-196	3	4	0	37	1	1	0	1	0	0	0	0
09:15:00	33300	19	19	0	47	13	9	0	209	1	0	0	1	0	5	0	-201	4	4	0	37	0	1	0	0	1	0	0	1
09:20:00	33600	8	7	0	48	7	3	0	213	0	1	0	0	0	3	0	-204	0	0	0	37	1	0	0	1	0	0	0	1
09:25:00	33900	16	18	0	46	12	10	0	215	0	0	0	0	0	3	0	-207	4	5	0	36	0	0	0	1	0	0	0	1
09:30:00	34200	11	11	0	46	11	6	0	220	0	0	0	0	0	3	0	-210	0	2	0	34	0	0	0	1	0	0	0	1
09:35:00	34500	12	18	0	40	10	10	0	220	0	0	0	0	0	3	0	-213	2	5	0	31	0	0	0	1	0	0	0	1
09:40:00	34800	13	16	0	37	13	7	0	226	0	0	0	0	0	4	0	-217	0	5	0	26	0	0	0	1	0	0	0	1
09:45:00	35100	8	12	0	33	6	5	0	227	0	0	0	0	0	5	0	-222	1	1	0	26	1	1	0	1	0	0	0	1
09:50:00	35400	9	13	0	29	5	8	0	224	1	1	0	0	0	1	0	-223	1	2	0	25	2	1	0	2	0	0	0	1
09:55:00	35700	7	6	0	30	2	1	0	225	1	1	0	0	0	2	0	-225	3	1	0	27	1	1	0	2	0	0	0	1
10:00:00	36000	7	8	0	29	6	4	0	227	0	0	0	0	0	2	0	-227	1	2	0	26	0	0	0	2	0	0	0	1
10:05:00	36300	3	6	0	26	1	4	0	224	1	0	0	1	0	0	0	-227	1	0	0	27	0	2	0	0	0	0	0	1
10:10:00	36600	5	6	0	25	4	3	0	225	0	1	0	0	0	1	0	-228	0	1	0	26	1	0	0	1	0	0	0	1
10:15:00	36900	3	3	0	25	3	2	0	226	0	0	0	0	0	0	0	-228	0	1	0	25	0	0	0	1	0	0	0	1
10:20:00	37200	6	4	0	27	2	2	0	226	0	0	0	0	0	1	0	-229	4	0	0	29	0	0	0	1	0	1	0	0
10:25:00	37500	3	5	0	25	2	3	0	225	0	0	0	0	0	1	0	-230	1	1	0	29	0	0	0	1	0	0	0	0
10:30:00	37800	6	5	0	26	3	2	0	226	0	0	0	0	0	1	0	-231	3	1	0	31	0	1	0	0	0	0	0	0
10:35:00	38100	2	4	0	24	2	3	0	225	0	0	0	0	0	1	0	-232	0	0	0	31	0	0	0	0	0	0	0	0
10:40:00	38400	3	6	0	21	3	5	0	223	0	0	0	0	0	0	0	-232	0	1	0	30	0	0	0	0	0	0	0	0
10:45:00	38700	9	5	0	25	6	2	0	227	0	0	0	0	0	2	0	-234	3	1	0	32	0	0	0	0	0	0	0	0
10:50:00	39000	6	8	0	23	4	7	0	224	0	0	0	0	0	0	0	-234	1	1	0	32	1	0	0	1	0	0	0	0
10:55:00	39300	9	7	0	25	6	4	0	226	0	0	0	0	0	0	0	-234	0	3	0	29	0	0	0	1	3	0	0	3
11:00:00	39600	4	6	0	23	2	2	0	226	0	0	0	0	0	3	0	-237	2	1	0	30	0	0	0	1	0	0	0	3
11:05:00	39900	2	3	0	22	2	1	0	227	0	0	0	0	0	2	0	-239	0	0	0	30	0	0	0	1	0	0	0	3
11:10:00	40200	3	5	0	20	2	5	0	224	0	0	0	0	0	0	0	-239	1	0	0	31	0	0	0	1	0	0	0	3
11:15:00	40500	7	8	0	19	3	5	0	222	1	0	0	1	0	0	0	-239	3	1	0	33	0	1	0	0	0	1	0	2
11:20:00	40800	10	4	0	25	7	2	0	227	0	0	0	1	0	1	0	-240	3	1	0	35	0	0	0	0	0	0	0	2
11:25:00	41100	11	10	0	26	7	7	0	227	0	1	0	0	0	0	0	-240	3	2	0	36	1	0	0	1	0	0	0	2
11:30:00	41400	7	6	0	27	5	4	0	228	0	0	0	0	0	2	0	-242	1	0	0	37	1	0	0	2	0	0	0	2
11:35:00	41700	5	8	0	24	3	4	0	227	0	0	0	0	0	2	0	-244	2	1	0	38	0	1	0	1	0	0	0	2
11:40:00	42000	4	5	0	23	2	4	0	225	0	0	0	0	0	0	0	-244	1	1	0	38	0	0	0	1	1	0	0	3
11:45:00	42300	6	7	0	22	2	4	0	223	1	0	0	1	0	1	0	-245	3	1	0	40	0	1	0	0	0	0	0	3
11:50:00	42600	3	3	0	22	0	1	0	222	0	1	0	0	0	1	0	-246	2	0	0	42	1	0	0	1	0	0	0	3
11:55:00	42900	8	5	0	25	6	3	0	225	1	0	0	1	0	0	0	-246	1	0	0	43	0	1	0	0	0	1	0	2
12:00:00	43200	5	6	0	24	4	2	0	227	0	1	0	0	0	1	0	-247	0	1	0	42	1	0	0	1	0	1	0	1
12:05:00	43500	7	8	0	23	7	7	0	227	0	0	0	0	0	0	0	-247	0	0	0	42	0	1	0	0	0	0	0	1
12:10:00	43800	7	8	0	22	3	6	0	224	0	0	0	0	0	0	0	-247	4	2	0	44	0	0	0	0	0	0	0	1
12:15:00	44100	3	4	0	21	3	2	0	225	0	0	0	0	0	2	0	-249	0	0	0	44	0	0	0	0	0	0	0	1
12:20:00	44400	5	7	0	19	3	6	0	222	0	0	0	0	0	0	0	-249	2	1	0	45	0	0	0	0	0	0	0	1
12:25:00	44700	5	9	0	15	5	5	0	222	0	0	0	0	0	2	0	-251	0	2	0	43	0	0	0	0	0	0	0	1
12:30:00	45000	4	3	1	15	3	2	1	222	0	0	0	0	0	1	0	-252	1	0	0	44	0	0	0	0	0	0	0	1
12:35:00	45300	5	7	0	13	4	3	0	223	0	0	0	0	0	1	0	-253	0	2	0	42	0	0	0	0	1	1	0	1
12:40:00	45600	4	2	0	15	3	2	0	224	0	0	0	0	0	0	0	-253	1	0	0	43	0	0	0	0	0	0	0	1
12:45:00	45900	3	6	0	12	1	4	0	221	0	0	0	0	0	1	0	-254	2	1	0	44	0	0	0	0	0	0	0	1
12:50:00	46200	2	4	0	10	2	3	0	220	0	0	0	0	0	1	0	-255	0	0	0	44	0	0	0	0	0	0	0	1
12:55:00	46500	2	1	0	11	0	1	0	219	0	0	0	0	0	0	0	-255	2	0	0	46	0	0	0	0	0	0	0	1
13:00:00	46800	1	2	0	10	0	2	0	217	0	0	0	0	0	0	0	-255	1	0	0	47	0	0	0	0	0	0	0	1
13:05:00	47100	4	1	0	13	1	1	0	217	0	0	0	0	0	0	0	-255	3	0	0	50	0	0	0	0	0	0	0	1
13:10:00	47400	5	1	0	17	2	1	0	218	0	0	0	0	0	0	0	-255	3	0	0	53	0	0	0	0	0	0	0	1
13:15:00	47700	3	4	0	16	2	4	0	216	0	0	0	0	0	0	0	-255	1	0	0	54	0	0	0	0	0	0	0	1
13:20:00	48000	5	2	0	19	3	2	0	217	0	0	0	0	0	0	0	-255	1	0	0	55	0	0	0	0	1	0	0	2
13:25:00	48300	4	5	0	18	4	4	0	217	0	0	0	0	0	0	0	-255	0	1	0	54	0	0	0	0	0	0	0	2
13:30:00	48600	4	5	0	17	3	4	0	216	0	0	0	0	0	0	0	-255	1	1	0	54	0	0	0	0	0	0	0	2
13:35:00	48900	6	5	0	18	4	2	0	218	0	0	0	0	0	2	0	-257	2	1	0	55	0	0	0	0	0	0	0	2
13:40:00	49200	4	5	0	17	4	3	0	219	0	0	0	0	0	1	0	-258	0	1	0	54	0	0	0	0	0	0	0	2
13:45:00	49500	3	4	0	16	1	4	0	216	0	0	0	0	0	0	0	-258	2	0	0	56	0	0	0	0	0	0	0	2
13:50:00	49800	3	2	0	17	2	1	0	217	0	0	0	0	0	1	0	-259	1	0	0	57	0	0	0	0	0	0	0	2
13:55:00	50100	2	4	0	15	2	4	0	215	0	0	0	0	0	0	0	-259	0	0	0	57	0	0	0	0	0	0	0	2
14:00:00	50400	5	2	0	18	2	2	0	215	0	0	0	0	0	0	0	-259	2	0	0	59	0	0	0	0	1	0	0	3
14:05:00	50700	4	2	0	20	3	1	0	217	0	0	0	0	0	0	0	-259	1	1	0	59	0	0	0	0	0	0	0	3
14:10:00	51000	2	4	0	18	2	1	0	218	0	0	0	0	0	1	0	-260	0	1	0	58	0	0	0	0	0	1	0	2
14:15:00	51300	3	4	0	17	2	3	0	217	0	0	0	0	0	0	0	-260	1	0	0	59	0	0	0	0	0	1	0	1
14:20:00	51600	4	3	0	18	2	2	0	217	0	0	0	0	0	1	0	-261	1	0	0	60	1	0	0	1	0	0	0	1
14:25:00	51900	9	7	0	20	7	5	0	219	0	0	0	0	0	0	0	-261	2	2	0	60	0	0	0	1	0	0	0	1
14:30:00	52200	6	6	0	20	4	3	0	220	1	0	0	1	0	1	0	-262	1	1	0	60	0	1	0	0	0	0	0	1
14:35:00	52500	8	10	0	18	6	7	0	219	0	1	0	0	0	2	0	-264	1	0	0	61	1	0	0	1	0	0	0	1
14:40:00	52800	7	11	0	14	5	6	0	218	0	0	0	0	0	1	0	-265	2	3	0	60	0	1	0	0	0	0	0	1
14:45:00	53100	3	4	0	13	2	1	0	219	0	0	0	0	0	2	0	-267	1	1	0	60	0	0	0	0	0	0	0	1
14:50:00	53400	2	1	0	14	1	1	0	219	0	0	0	0	0	0	0	-267	1	0	0	61	0	0	0	0	0	0	0	1
14:55:00	53700	3	4	0	13	3	2	0	220	0	0	0	0	0	1	0	-268	0	0	0	61	0	0	0	0	0	1	0	0
15:00:00	54000	4	7	0	10	2	4	0	218	0	0	0	0	0	1	0	-269	2	2	0	61	0	0	0	0	0	0	0	0
15:05:00	54300	2	1	0	11	1	1	0	218	0	0	0	0	0	0	0	-269	0	0	0	61	0	0	0	0	1	0	0	1
15:10:00	54600	3	2	0	12	3	1	0	220	0	0	0	0	0	1	0	-270	0	0	0	61	0	0	0	0	0	0	0	1
15:15:00	54900	8	6	0	14	7	5	0	222	0	0	0	0	0	0	0	-270	1	1	0	61	0	0	0	0	0	0	0	1
15:20:00	55200	5	7	0	12	3	4	0	221	0	0	0	0	0	2	0	-272	2	1	0	62	0	0	0	0	0	0	0	1
15:25:00	55500	5	5	0	12	3	2	0	222	0	0	0	0	0	1	0	-273	1	2	0	61	1	0	0	1	0	0	0	1
15:30:00	55800	8	6	0	14	3	3	0	222	1	1	0	0	0	1	0	-274	3	0	0	64	1	1	0	1	0	0	0	1
15:35:00	56100	2	5	0	11	1	3	0	220	0	0	0	0	0	0	0	-274	1	1	0	64	0	1	0	0	0	0	0	1
15:40:00	56400	6	4	0	13	3	2	0	221	0	0	0	0	0	1	0	-275	3	1	0	66	0	0	0	0	0	0	0	1
15:45:00	56700	0	3	0	10	0	2	0	219	0	0	0	0	0	1	0	-276	0	0	0	66	0	0	0	0	0	0	0	1
15:50:00	57000	0	1	0	9	0	1	0	218	0	0	0	0	0	0	0	-276	0	0	0	66	0	0	0	0	0	0	0	1
15:55:00	57300	5	3	0	11	4	2	0	220	0	0	0	0	0	0	0	-276	1	0	0	67	0	0	0	0	0	1	0	0
16:00:00	57600	6	3	0	14	4	3	0	221	0	0	0	0	0	0	0	-276	2	0	0	69	0	0	0	0	0	0	0	0
16:05:00	57900	8	9	0	13	3	5	0	219	1	0	0	1	0	1	0	-277	2	2	0	69	1	1	0	0	1	0	0	1
16:10:00	58200	5	8	0	10	3	5	0	217	0	1	0	0	0	1	0	-278	1	1	0	69	1	0	0	1	0	0	0	1
16:15:00	58500	6	4	0	12	4	3	0	218	0	0	0	0	0	1	0	-279	2	0	0	71	0	0	0	1	0	0	0	1
16:20:00	58800	10	9	0	13	5	7	0	216	0	0	0	0	0	0	0	-279	4	1	0	74	0	1	0	0	1	0	0	2
16:25:00	59100	8	6	0	15	7	3	0	220	0	0	0	0	0	2	0	-281	1	1	0	74	0	0	0	0	0	0	0	2
16:30:00	59400	11	16	0	10	10	13	0	217	0	0	0	0	0	1	0	-282	1	2	0	73	0	0	0	0	0	0	0	2
16:35:00	59700	13	14	0	9	9	11	0	215	0	0	0	0	0	0	0	-282	4	3	0	74	0	0	0	0	0	0	0	2
16:40:00	60000	8	12	0	5	6	8	0	213	0	0	0	0	0	3	0	-285	2	1	0	75	0	0	0	0	0	0	0	2
16:45:00	60300	14	13	0	6	8	9	0	212	1	0	0	1	0	2	0	-287	4	1	0	78	1	1	0	0	0	0	0	2
16:50:00	60600	23	17	0	12	12	13	0	211	0	1	0	0	0	1	0	-288	10	2	0	86	1	0	0	1	0	0	0	2
16:55:00	60900	15	14	0	13	9	10	0	210	0	0	0	0	0	1	0	-289	4	3	0	87	2	0	0	3	0	0	0	2
17:00:00	61200	19	20	0	12	11	10	0	211	2	1	0	1	0	3	0	-292	5	4	0	88	1	2	0	2	0	0	0	2
17:05:00	61500	14	20	0	6	10	16	0	205	0	1	0	0	0	3	0	-295	3	0	0	91	1	0	0	3	0	0	0	2
17:10:00	61800	34	29	0	11	19	25	0	199	0	0	0	0	0	1	0	-296	14	3	0	102	1	0	0	4	0	0	0	2
17:15:00	62100	30	29	0	12	17	24	0	192	0	0	0	0	0	0	0	-296	12	3	0	111	0	1	0	3	1	1	0	2
17:20:00	62400	48	36	0	24	28	26	0	194	2	0	0	2	0	4	0	-300	16	4	0	123	1	2	0	2	1	0	0	3
17:25:00	62700	47	51	0	20	29	36	0	187	1	2	0	1	0	4	0	-304	14	7	0	130	2	1	0	3	1	1	0	3
17:30:00	63000	49	45	0	24	26	36	0	177	0	1	0	0	0	3	0	-307	22	5	0	147	1	0	0	4	0	0	0	3
17:35:00	63300	56	62	0	18	37	46	0	168	1	0	0	1	0	3	0	-310	18	10	0	155	0	3	0	1	0	0	0	3
17:40:00	63600	42	65	0	-5	31	49	0	150	1	1	0	1	0	6	0	-316	8	6	0	157	2	2	0	1	0	1	0	2
17:45:00	63900	69	69	0	-5	45	55	0	140	1	1	0	1	0	3	0	-319	22	9	0	170	1	1	0	1	0	0	0	2
17:50:00	64200	72	76	0	-9	50	61	0	129	1	1	0	1	0	3	0	-322	17	10	0	177	3	1	0	3	1	0	0	3
17:55:00	64500	81	98	0	-26	62	77	0	114	0	1	0	0	0	4	0	-326	18	13	0	182	1	2	0	2	0	1	0	2
18:00:00	64800	61	77	0	-42	49	57	0	106	0	0	0	0	0	4	0	-330	12	16	0	178	0	0	0	2	0	0	0	2
18:05:00	65100	58	88	0	-72	50	51	0	105	1	0	0	1	0	7	0	-337	7	28	0	157	0	1	0	1	0	1	0	1
18:10:00	65400	45	66	0	-93	38	36	0	107	0	1	0	0	0	8	0	-345	5	20	0	142	2	1	0	2	0	0	0	1
18:15:00	65700	38	57	0	-112	35	31	0	111	0	0	0	0	0	8	0	-353	3	18	0	127	0	0	0	2	0	0	0	1
18:20:00	66000	25	49	0	-136	23	29	0	105	0	0	0	0	0	7	0	-360	2	13	0	116	0	0	0	2	0	0	0	1
18:25:00	66300	19	35	0	-152	18	13	0	110	0	0	0	0	0	11	0	-371	1	11	0	106	0	0	0	2	0	0	0	1
18:30:00	66600	15	29	0	-166	12	15	0	107	1	1	0	0	0	7	0	-378	1	5	0	102	1	1	0	2	0	0	0	1
18:35:00	66900	8	17	0	-175	6	9	0	104	0	0	0	0	0	3	0	-381	2	4	0	100	0	1	0	1	0	0	0	1
18:40:00	67200	8	15	0	-182	8	10	0	102	0	0	0	0	0	2	0	-383	0	2	0	98	0	1	0	0	0	0	0	1
18:45:00	67500	10	16	0	-188	8	7	0	103	0	0	0	0	0	2	0	-385	2	6	0	94	0	0	0	0	0	1	0	0
18:50:00	67800	8	9	0	-189	5	6	0	102	0	0	0	0	0	2	0	-387	3	1	0	96	0	0	0	0	0	0	0	0
18:55:00	68100	3	5	0	-191	3	3	0	102	0	0	0	0	0	1	0	-388	0	1	0	95	0	0	0	0	0	0	0	0
19:00:00	68400	7	6	0	-190	5	5	0	102	0	0	0	0	0	0	0	-388	0	1	0	94	1	0	0	1	1	0	0	1
19:05:00	68700	4	10	0	-196	3	7	0	98	0	0	0	0	0	1	0	-389	1	2	0	93	0	0	0	1	0	0	0	1
19:10:00	69000	2	3	0	-197	1	3	0	96	0	0	0	0	0	0	0	-389	1	0	0	94	0	0	0	1	0	0	0	1
19:15:00	69300	1	5	0	-201	1	3	0	94	0	0	0	0	0	1	0	-390	0	1	0	93	0	0	0	1	0	0	0	1
19:20:00	69600	4	3	0	-200	3	2	0	95	0	0	0	0	0	0	0	-390	0	1	0	92	1	0	0	2	0	0	0	1
19:25:00	69900	2	5	0	-203	0	3	0	92	1	1	0	0	0	0	0	-390	0	0	0	92	1	1	0	2	0	0	0	1
19:30:00	70200	2	0	0	-201	1	0	0	93	0	0	0	0	0	0	0	-390	1	0	0	93	0	0	0	2	0	0	0	1
19:35:00	70500	3	4	0	-202	2	2	0	93	1	0	0	1	0	0	0	-390	0	1	0	92	0	1	0	1	0	0	0	1
19:40:00	70800	3	5	0	-204	1	3	0	91	1	1	0	1	0	0	0	-390	0	0	0	92	1	1	0	1	0	0	0	1
19:45:00	71100	0	4	0	-208	0	2	0	89	0	0	0	1	0	1	0	-391	0	0	0	92	0	1	0	0	0	0	0	1
19:50:00	71400	3	4	0	-209	2	2	0	89	0	1	0	0	0	0	0	-391	0	0	0	92	1	0	0	1	0	1	0	0
19:55:00	71700	1	4	0	-212	1	4	0	86	0	0	0	0	0	0	0	-391	0	0	0	92	0	0	0	1	0	0	0	0
20:00:00	72000	0	1	0	-213	0	1	0	85	0	0	0	0	0	0	0	-391	0	0	0	92	0	0	0	1	0	0	0	0
20:05:00	72300	0	1	0	-214	0	1	0	84	0	0	0	0	0	0	0	-391	0	0	0	92	0	0	0	1	0	0	0	0
20:10:00	72600	0	0	0	-214	0	0	0	84	0	0	0	0	0	0	0	-391	0	0	0	92	0	0	0	1	0	0	0	0
20:15:00	72900	0	0	0	-214	0	0	0	84	0	0	0	0	0	0	0	-391	0	0	0	92	0	0	0	1	0	0	0	0
20:20:00	73200	0	0	0	-214	0	0	0	84	0	0	0	0	0	0	0	-391	0	0	0	92	0	0	0	1	0	0	0	0
20:25:00	73500	1	1	0	-214	0	0	0	84	0	0	0	0	0	0	0	-391	0	0	0	92	1	1	0	1	0	0	0	0
20:30:00	73800	0	0	0	-214	0	0	0	84	0	0	0	0	0	0	0	-391	0	0	0	92	0	0	0	1	0	0	0	0
20:35:00	74100	0	0	0	-214	0	0	0	84	0	0	0	0	0	0	0	-391	0	0	0	92	0	0	0	1	0	0	0	0
20:40:00	74400	0	0	0	-214	0	0	0	84	0	0	0	0	0	0	0	-391	0	0	0	92	0	0	0	1	0	0	0	0
20:45:00	74700	0	0	0	-214	0	0	0	84	0	0	0	0	0	0	0	-391	0	0	0	92	0	0	0	1	0	0	0	0
20:50:00	75000	0	0	0	-214	0	0	0	84	0	0	0	0	0	0	0	-391	0	0	0	92	0	0	0	1	0	0	0	0
20:55:00	75300	0	0	0	-214	0	0	0	84	0	0	0	0	0	0	0	-391	0	0	0	92	0	0	0	1	0	0	0	0
21:00:00	75600	1	1	0	-214	0	0	0	84	1	0	0	1	0	0	0	-391	0	0	0	92	0	1	0	0	0	0	0	0
21:05:00	75900	1	1	0	-214	0	0	0	84	0	1	0	0	0	0	0	-391	0	0	0	92	1	0	0	1	0	0	0	0
21:10:00	76200	1	1	0	-214	0	0	0	84	1	0	0	1	0	0	0	-391	0	0	0	92	0	1	0	0	0	0	0	0
21:15:00	76500	1	1	0	-214	0	0	0	84	0	1	0	0	0	0	0	-391	0	0	0	92	1	0	0	1	0	0	0	0
21:20:00	76800	0	0	0	-214	0	0	0	84	0	0	0	0	0	0	0	-391	0	0	0	92	0	0	0	1	0	0	0	0
21:25:00	77100	0	0	0	-214	0	0	0	84	0	0	0	0	0	0	0	-391	0	0	0	92	0	0	0	1	0	0	0	0
21:30:00	77400	0	0	0	-214	0	0	0	84	0	0	0	0	0	0	0	-391	0	0	0	92	0	0	0	1	0	0	0	0
21:35:00	77700	0	0	0	-214	0	0	0	84	0	0	0	0	0	0	0	-391	0	0	0	92	0	0	0	1	0	0	0	0
21:40:00	78000	0	0	0	-214	0	0	0	84	0	0	0	0	0	0	0	-391	0	0	0	92	0	0	0	1	0	0	0	0
21:45:00	78300	0	0	0	-214	0	0	0	84	0	0	0	0	0	0	0	-391	0	0	0	92	0	0	0	1	0	0	0	0
21:50:00	78600	0	1	0	-215	0	0	0	84	0	0	0	0	0	0	0	-391	0	0	0	92	0	1	0	0	0	0	0	0
21:55:00	78900	0	0	0	-215	0	0	0	84	0	0	0	0	0	0	0	-391	0	0	0	92	0	0	0	0	0	0	0	0
22:00:00	79200	0	0	0	-215	0	0	0	84	0	0	0	0	0	0	0	-391	0	0	0	92	0	0	0	0	0	0	0	0
22:05:00	79500	0	0	0	-215	0	0	0	84	0	0	0	0	0	0	0	-391	0	0	0	92	0	0	0	0	0	0	0	0
22:10:00	79800	0	0	0	-215	0	0	0	84	0	0	0	0	0	0	0	-391	0	0	0	92	0	0	0	0	0	0	0	0
22:15:00	80100	0	0	0	-215	0	0	0	84	0	0	0	0	0	0	0	-391	0	0	0	92	0	0	0	0	0	0	0	0
22:20:00	80400	0	0	0	-215	0	0	0	84	0	0	0	0	0	0	0	-391	0	0	0	92	0	0	0	0	0	0	0	0
22:25:00	80700	0	0	0	-215	0	0	0	84	0	0	0	0	0	0	0	-391	0	0	0	92	0	0	0	0	0	0	0	0
22:30:00	81000	0	0	0	-215	0	0	0	84	0	0	0	0	0	0	0	-391	0	0	0	92	0	0	0	0	0	0	0	0
22:35:00	81300	0	0	0	-215	0	0	0	84	0	0	0	0	0	0	0	-391	0	0	0	92	0	0	0	0	0	0	0	0
22:40:00	81600	0	0	0	-215	0	0	0	84	0	0	0	0	0	0	0	-391	0	0	0	92	0	0	0	0	0	0	0	0
22:45:00	81900	0	0	0	-215	0	0	0	84	0	0	0	0	0	0	0	-391	0	0	0	92	0	0	0	0	0	0	0	0
22:50:00	82200	0	0	0	-215	0	0	0	84	0	0	0	0	0	0	0	-391	0	0	0	92	0	0	0	0	0	0	0	0
22:55:00	82500	0	0	0	-215	0	0	0	84	0	0	0	0	0	0	0	-391	0	0	0	92	0	0	0	0	0	0	0	0
23:00:00	82800	0	0	0	-215	0	0	0	84	0	0	0	0	0	0	0	-391	0	0	0	92	0	0	0	0	0	0	0	0
23:05:00	83100	0	0	0	-215	0	0	0	84	0	0	0	0	0	0	0	-391	0	0	0	92	0	0	0	0	0	0	0	0
23:10:00	83400	0	0	0	-215	0	0	0	84	0	0	0	0	0	0	0	-391	0	0	0	92	0	0	0	0	0	0	0	0
23:15:00	83700	0	0	0	-215	0	0	0	84	0	0	0	0	0	0	0	-391	0	0	0	92	0	0	0	0	0	0	0	0
23:20:00	84000	0	0	0	-215	0	0	0	84	0	0	0	0	0	0	0	-391	0	0	0	92	0	0	0	0	0	0	0	0
23:25:00	84300	0	0	0	-215	0	0	0	84	0	0	0	0	0	0	0	-391	0	0	0	92	0	0	0	0	0	0	0	0
23:30:00	84600	0	0	0	-215	0	0	0	84	0	0	0	0	0	0	0	-391	0	0	0	92	0	0	0	0	0	0	0	0
23:35:00	84900	0	0	0	-215	0	0	0	84	0	0	0	0	0	0	0	-391	0	0	0	92	0	0	0	0	0	0	0	0
23:40:00	85200	0	0	0	-215	0	0	0	84	0	0	0	0	0	0	0	-391	0	0	0	92	0	0	0	0	0	0	0	0
23:45:00	85500	0	0	0	-215	0	0	0	84	0	0	0	0	0	0	0	-391	0	0	0	92	0	0	0	0	0	0	0	0
23:50:00	85800	0	0	0	-215	0	0	0	84	0	0	0	0	0	0	0	-391	0	0	0	92	0	0	0	0	0	0	0	0
23:55:00	86100	0	0	0	-215	0	0	0	84	0	0	0	0	0	0	0	-391	0	0	0	92	0	0	0	0	0	0	0	0
24:00:00	86400	0	0	0	-215	0	0	0	84	0	0	0	0	0	0	0	-391	0	0	0	92	0	0	0	0	0	0	0	0
24:05:00	86700	0	0	0	-215	0	0	0	84	0	0	0	0	0	0	0	-391	0	0	0	92	0	0	0	0	0	0	0	0
24:10:00	87000	0	0	0	-215	0	0	0	84	0	0	0	0	0	0	0	-391	0	0	0	92	0	0	0	0	0	0	0	0
24:15:00	87300	0	0	0	-215	0	0	0	84	0	0	0	0	0	0	0	-391	0	0	0	92	0	0	0	0	0	0	0	0
24:20:00	87600	0	0	0	-215	0	0	0	84	0	0	0	0	0	0	0	-391	0	0	0	92	0	0	0	0	0	0	0	0
24:25:00	87900	0	0	0	-215	0	0	0	84	0	0	0	0	0	0	0	-391	0	0	0	92	0	0	0	0	0	0	0	0
24:30:00	88200	0	0	0	-215	0	0	0	84	0	0	0	0	0	0	0	-391	0	0	0	92	0	0	0	0	0	0	0	0
24:35:00	88500	0	0	0	-215	0	0	0	84	0	0	0	0	0	0	0	-391	0	0	0	92	0	0	0	0	0	0	0	0
24:40:00	88800	0	0	0	-215	0	0	0	84	0	0	0	0	0	0	0	-391	0	0	0	92	0	0	0	0	0	0	0	0
24:45:00	89100	0	0	0	-215	0	0	0	84	0	0	0	0	0	0	0	-391	0	0	0	92	0	0	0	0	0	0	0	0
24:50:00	89400	0	0	0	-215	0	0	0	84	0	0	0	0	0	0	0	-391	0	0	0	92	0	0	0	0	0	0	0	0
24:55:00	89700	0	0	0	-215	0	0	0	84	0	0	0	0	0	0	0	-391	0	0	0	92	0	0	0	0	0	0	0	0
25:00:00	90000	0	0	0	-215	0	0	0	84	0	0	0	0	0	0	0	-391	0	0	0	92	0	0	0	0	0	0	0	0
25:05:00	90300	0	0	0	-215	0	0	0	84	0	0	0	0	0	0	0	-391	0	0	0	92	0	0	0	0	0	0	0	0
25:10:00	90600	0	0	0	-215	0	0	0	84	0	0	0	0	0	0	0	-391	0	0	0	92	0	0	0	0	0	0	0	0
25:15:00	90900	0	0	0	-215	0	0	0	84	0	0	0	0	0	0	0	-391	0	0	0	92	0	0	0	0	0	0	0	0
25:20:00	91200	0	0	0	-215	0	0	0	84	0	0	0	0	0	0	0	-391	0	0	0	92	0	0	0	0	0	0	0	0
25:25:00	91500	0	0	0	-215	0	0	0	84	0	0	0	0	0	0	0	-391	0	0	0	92	0	0	0	0	0	0	0	0
25:30:00	91800	0	0	0	-215	0	0	0	84	0	0	0	0	0	0	0	-391	0	0	0	92	0	0	0	0	0	0	0	0
25:35:00	92100	0	0	0	-215	0	0	0	84	0	0	0	0	0	0	0	-391	0	0	0	92	0	0	0	0	0	0	0	0
25:40:00	92400	0	0	0	-215	0	0	0	84	0	0	0	0	0	0	0	-391	0	0	0	92	0	0	0	0	0	0	0	0
25:45:00	92700	0	0	0	-215	0	0	0	84	0	0	0	0	0	0	0	-391	0	0	0	92	0	0	0	0	0	0	0	0
25:50:00	93000	0	0	0	-215	0	0	0	84	0	0	0	0	0	0	0	-391	0	0	0	92	0	0	0	0	0	0	0	0
25:55:00	93300	0	0	0	-215	0	0	0	84	0	0	0	0	0	0	0	-391	0	0	0	92	0	0	0	0	0	0	0	0
26:00:00	93600	0	0	0	-215	0	0	0	84	0	0	0	0	0	0	0	-391	0	0	0	92	0	0	0	0	0	0	0	0
26:05:00	93900	0	0	0	-215	0	0	0	84	0	0	0	0	0	0	0	-391	0	0	0	92	0	0	0	0	0	0	0	0
26:10:00	94200	0	0	0	-215	0	0	0	84	0	0	0	0	0	0	0	-391	0	0	0	92	0	0	0	0	0	0	0	0
26:15:00	94500	0	0	0	-215	0	0	0	84	0	0	0	0	0	0	0	-391	0	0	0	92	0	0	0	0	0	0	0	0
26:20:00	94800	0	0	0	-215	0	0	0	84	0	0	0	0	0	0	0	-391	0	0	0	92	0	0	0	0	0	0	0	0
26:25:00	95100	0	0	0	-215	0	0	0	84	0	0	0	0	0	0	0	-391	0	0	0	92	0	0	0	0	0	0	0	0
26:30:00	95400	0	0	0	-215	0	0	0	84	0	0	0	0	0	0	0	-391	0	0	0	92	0	0	0	0	0	0	0	0
26:35:00	95700	0	0	0	-215	0	0	0	84	0	0	0	0	0	0	0	-391	0	0	0	92	0	0	0	0	0	0	0	0
26:40:00	96000	0	0	0	-215	0	0	0	84	0	0	0	0	0	0	0	-391	0	0	0	92	0	0	0	0	0	0	0	0
26:45:00	96300	0	0	0	-215	0	0	0	84	0	0	0	0	0	0	0	-391	0	0	0	92	0	0	0	0	0	0	0	0
26:50:00	96600	0	0	0	-215	0	0	0	84	0	0	0	0	0	0	0	-391	0	0	0	92	0	0	0	0	0	0	0	0
26:55:00	96900	0	0	0	-215	0	0	0	84	0	0	0	0	0	0	0	-391	0	0	0	92	0	0	0	0	0	0	0	0
27:00:00	97200	0	0	0	-215	0	0	0	84	0	0	0	0	0	0	0	-391	0	0	0	92	0	0	0	0	0	0	0	0
27:05:00	97500	0	0	0	-215	0	0	0	84	0	0	0	0	0	0	0	-391	0	0	0	92	0	0	0	0	0	0	0	0
27:10:00	97800	0	0	0	-215	0	0	0	84	0	0	0	0	0	0	0	-391	0	0	0	92	0	0	0	0	0	0	0	0
27:15:00	98100	0	0	0	-215	0	0	0	84	0	0	0	0	0	0	0	-391	0	0	0	92	0	0	0	0	0	0	0	0
27:20:00	98400	0	0	0	-215	0	0	0	84	0	0	0	0	0	0	0	-391	0	0	0	92	0	0	0	0	0	0	0	0
27:25:00	98700	0	0	0	-215	0	0	0	84	0	0	0	0	0	0	0	-391	0	0	0	92	0	0	0	0	0	0	0	0
27:30:00	99000	0	0	0	-215	0	0	0	84	0	0	0	0	0	0	0	-391	0	0	0	92	0	0	0	0	0	0	0	0
27:35:00	99300	0	0	0	-215	0	0	0	84	0	0	0	0	0	0	0	-391	0	0	0	92	0	0	0	0	0	0	0	0
27:40:00	99600	0	0	0	-215	0	0	0	84	0	0	0	0	0	0	0	-391	0	0	0	92	0	0	0	0	0	0	0	0
27:45:00	99900	0	0	0	-215	0	0	0	84	0	0	0	0	0	0	0	-391	0	0	0	92	0	0	0	0	0	0	0	0
27:50:00	100200	0	0	0	-215	0	0	0	84	0	0	0	0	0	0	0	-391	0	0	0	92	0	0	0	0	0	0	0	0
27:55:00	100500	0	0	0	-215	0	0	0	84	0	0	0	0	0	0	0	-391	0	0	0	92	0	0	0	0	0	0	0	0
28:00:00	100800	0	0	0	-215	0	0	0	84	0	0	0	0	0	0	0	-391	0	0	0	92	0	0	0	0	0	0	0	0
28:05:00	101100	0	0	0	-215	0	0	0	84	0	0	0	0	0	0	0	-391	0	0	0	92	0	0	0	0	0	0	0	0
28:10:00	101400	0	0	0	-215	0	0	0	84	0	0	0	0	0	0	0	-391	0	0	0	92	0	0	0	0	0	0	0	0
28:15:00	101700	0	0	0	-215	0	0	0	84	0	0	0	0	0	0	0	-391	0	0	0	92	0	0	0	0	0	0	0	0
28:20:00	102000	0	0	0	-215	0	0	0	84	0	0	0	0	0	0	0	-391	0	0	0	92	0	0	0	0	0	0	0	0
28:25:00	102300	0	0	0	-215	0	0	0	84	0	0	0	0	0	0	0	-391	0	0	0	92	0	0	0	0	0	0	0	0
28:30:00	102600	0	0	0	-215	0	0	0	84	0	0	0	0	0	0	0	-391	0	0	0	92	0	0	0	0	0	0	0	0
28:35:00	102900	0	0	0	-215	0	0	0	84	0	0	0	0	0	0	0	-391	0	0	0	92	0	0	0	0	0	0	0	0
28:40:00	103200	0	0	0	-215	0	0	0	84	0	0	0	0	0	0	0	-391	0	0	0	92	0	0	0	0	0	0	0	0
28:45:00	103500	0	0	0	-215	0	0	0	84	0	0	0	0	0	0	0	-391	0	0	0	92	0	0	0	0	0	0	0	0
28:50:00	103800	0	0	0	-215	0	0	0	84	0	0	0	0	0	0	0	-391	0	0	0	92	0	0	0	0	0	0	0	0
28:55:00	104100	0	0	0	-215	0	0	0	84	0	0	0	0	0	0	0	-391	0	0	0	92	0	0	0	0	0	0	0	0
29:00:00	104400	0	0	0	-215	0	0	0	84	0	0	0	0	0	0	0	-391	0	0	0	92	0	0	0	0	0	0	0	0
29:05:00	104700	0	0	0	-215	0	0	0	84	0	0	0	0	0	0	0	-391	0	0	0	92	0	0	0	0	0	0	0	0
29:10:00	105000	0	0	0	-215	0	0	0	84	0	0	0	0	0	0	0	-391	0	0	0	92	0	0	0	0	0	0	0	0
29:15:00	105300	0	0	0	-215	0	0	0	84	0	0	0	0	0	0	0	-391	0	0	0	92	0	0	0	0	0	0	0	0
29:20:00	105600	0	0	0	-215	0	0	0	84	0	0	0	0	0	0	0	-391	0	0	0	92	0	0	0	0	0	0	0	0
29:25:00	105900	0	0	0	-215	0	0	0	84	0	0	0	0	0	0	0	-391	0	0	0	92	0	0	0	0	0	0	0	0
29:30:00	106200	0	0	0	-215	0	0	0	84	0	0	0	0	0	0	0	-391	0	0	0	92	0	0	0	0	0	0	0	0
29:35:00	106500	0	0	0	-215	0	0	0	84	0	0	0	0	0	0	0	-391	0	0	0	92	0	0	0	0	0	0	0	0
29:40:00	106800	0	0	0	-215	0	0	0	84	0	0	0	0	0	0	0	-391	0	0	0	92	0	0	0	0	0	0	0	0
29:45:00	107100	0	0	0	-215	0	0	0	84	0	0	0	0	0	0	0	-391	0	0	0	92	0	0	0	0	0	0	0	0
29:50:00	107400	0	0	0	-215	0	0	0	84	0	0	0	0	0	0	0	-391	0	0	0	92	0	0	0	0	0	0	0	0
29:55:00	107700	0	0	0	-215	0	0	0	84	0	0	0	0	0	0	0	-391	0	0	0	92	0	0	0	0	0	0	0	0
30:00:00	108000	0	0	0	-215	0	0	0	84	0	0	0	0	0	0	0	-391	0	0	0	92	0	0	0	0	0	0	0	0
30:05:00	108300	0	0	0	-215	0	0	0	84	0	0	0	0	0	0	0	-391	0	0	0	92	0	0	0	0	0	0	0	0
