time	time	departures_all	arrivals_all	stuck_all	en-route_all	departures_car	arrivals_car	stuck_car	en-route_car	departures_pt	arrivals_pt	stuck_pt	en-route_pt	departures_ride_share_driver	arrivals_ride_share_driver	stuck_ride_share_driver	en-route_ride_share_driver	departures_ride_share_passenger	arrivals_ride_share_passenger	stuck_ride_share_passenger	en-route_ride_share_passenger	departures_transit_walk	arrivals_transit_walk	stuck_transit_walk	en-route_transit_walk	departures_walk	arrivals_walk	stuck_walk	en-route_walk
00:00:00	0	0	0	0	0	0	0	0	0	0	0	0	0	0	0	0	0	0	0	0	0	0	0	0	0	0	0	0	0
00:05:00	300	0	0	0	0	0	0	0	0	0	0	0	0	0	0	0	0	0	0	0	0	0	0	0	0	0	0	0	0
00:10:00	600	0	0	0	0	0	0	0	0	0	0	0	0	0	0	0	0	0	0	0	0	0	0	0	0	0	0	0	0
00:15:00	900	0	0	0	0	0	0	0	0	0	0	0	0	0	0	0	0	0	0	0	0	0	0	0	0	0	0	0	0
00:20:00	1200	0	0	0	0	0	0	0	0	0	0	0	0	0	0	0	0	0	0	0	0	0	0	0	0	0	0	0	0
00:25:00	1500	0	0	0	0	0	0	0	0	0	0	0	0	0	0	0	0	0	0	0	0	0	0	0	0	0	0	0	0
00:30:00	1800	0	0	0	0	0	0	0	0	0	0	0	0	0	0	0	0	0	0	0	0	0	0	0	0	0	0	0	0
00:35:00	2100	0	0	0	0	0	0	0	0	0	0	0	0	0	0	0	0	0	0	0	0	0	0	0	0	0	0	0	0
00:40:00	2400	0	0	0	0	0	0	0	0	0	0	0	0	0	0	0	0	0	0	0	0	0	0	0	0	0	0	0	0
00:45:00	2700	0	0	0	0	0	0	0	0	0	0	0	0	0	0	0	0	0	0	0	0	0	0	0	0	0	0	0	0
00:50:00	3000	0	0	0	0	0	0	0	0	0	0	0	0	0	0	0	0	0	0	0	0	0	0	0	0	0	0	0	0
00:55:00	3300	0	0	0	0	0	0	0	0	0	0	0	0	0	0	0	0	0	0	0	0	0	0	0	0	0	0	0	0
01:00:00	3600	0	0	0	0	0	0	0	0	0	0	0	0	0	0	0	0	0	0	0	0	0	0	0	0	0	0	0	0
01:05:00	3900	0	0	0	0	0	0	0	0	0	0	0	0	0	0	0	0	0	0	0	0	0	0	0	0	0	0	0	0
01:10:00	4200	0	0	0	0	0	0	0	0	0	0	0	0	0	0	0	0	0	0	0	0	0	0	0	0	0	0	0	0
01:15:00	4500	0	0	0	0	0	0	0	0	0	0	0	0	0	0	0	0	0	0	0	0	0	0	0	0	0	0	0	0
01:20:00	4800	0	0	0	0	0	0	0	0	0	0	0	0	0	0	0	0	0	0	0	0	0	0	0	0	0	0	0	0
01:25:00	5100	0	0	0	0	0	0	0	0	0	0	0	0	0	0	0	0	0	0	0	0	0	0	0	0	0	0	0	0
01:30:00	5400	0	0	0	0	0	0	0	0	0	0	0	0	0	0	0	0	0	0	0	0	0	0	0	0	0	0	0	0
01:35:00	5700	0	0	0	0	0	0	0	0	0	0	0	0	0	0	0	0	0	0	0	0	0	0	0	0	0	0	0	0
01:40:00	6000	0	0	0	0	0	0	0	0	0	0	0	0	0	0	0	0	0	0	0	0	0	0	0	0	0	0	0	0
01:45:00	6300	0	0	0	0	0	0	0	0	0	0	0	0	0	0	0	0	0	0	0	0	0	0	0	0	0	0	0	0
01:50:00	6600	0	0	0	0	0	0	0	0	0	0	0	0	0	0	0	0	0	0	0	0	0	0	0	0	0	0	0	0
01:55:00	6900	0	0	0	0	0	0	0	0	0	0	0	0	0	0	0	0	0	0	0	0	0	0	0	0	0	0	0	0
02:00:00	7200	0	0	0	0	0	0	0	0	0	0	0	0	0	0	0	0	0	0	0	0	0	0	0	0	0	0	0	0
02:05:00	7500	0	0	0	0	0	0	0	0	0	0	0	0	0	0	0	0	0	0	0	0	0	0	0	0	0	0	0	0
02:10:00	7800	0	0	0	0	0	0	0	0	0	0	0	0	0	0	0	0	0	0	0	0	0	0	0	0	0	0	0	0
02:15:00	8100	0	0	0	0	0	0	0	0	0	0	0	0	0	0	0	0	0	0	0	0	0	0	0	0	0	0	0	0
02:20:00	8400	0	0	0	0	0	0	0	0	0	0	0	0	0	0	0	0	0	0	0	0	0	0	0	0	0	0	0	0
02:25:00	8700	0	0	0	0	0	0	0	0	0	0	0	0	0	0	0	0	0	0	0	0	0	0	0	0	0	0	0	0
02:30:00	9000	0	0	0	0	0	0	0	0	0	0	0	0	0	0	0	0	0	0	0	0	0	0	0	0	0	0	0	0
02:35:00	9300	0	0	0	0	0	0	0	0	0	0	0	0	0	0	0	0	0	0	0	0	0	0	0	0	0	0	0	0
02:40:00	9600	0	0	0	0	0	0	0	0	0	0	0	0	0	0	0	0	0	0	0	0	0	0	0	0	0	0	0	0
02:45:00	9900	0	0	0	0	0	0	0	0	0	0	0	0	0	0	0	0	0	0	0	0	0	0	0	0	0	0	0	0
02:50:00	10200	0	0	0	0	0	0	0	0	0	0	0	0	0	0	0	0	0	0	0	0	0	0	0	0	0	0	0	0
02:55:00	10500	0	0	0	0	0	0	0	0	0	0	0	0	0	0	0	0	0	0	0	0	0	0	0	0	0	0	0	0
03:00:00	10800	0	0	0	0	0	0	0	0	0	0	0	0	0	0	0	0	0	0	0	0	0	0	0	0	0	0	0	0
03:05:00	11100	0	0	0	0	0	0	0	0	0	0	0	0	0	0	0	0	0	0	0	0	0	0	0	0	0	0	0	0
03:10:00	11400	0	0	0	0	0	0	0	0	0	0	0	0	0	0	0	0	0	0	0	0	0	0	0	0	0	0	0	0
03:15:00	11700	0	0	0	0	0	0	0	0	0	0	0	0	0	0	0	0	0	0	0	0	0	0	0	0	0	0	0	0
03:20:00	12000	0	0	0	0	0	0	0	0	0	0	0	0	0	0	0	0	0	0	0	0	0	0	0	0	0	0	0	0
03:25:00	12300	0	0	0	0	0	0	0	0	0	0	0	0	0	0	0	0	0	0	0	0	0	0	0	0	0	0	0	0
03:30:00	12600	0	0	0	0	0	0	0	0	0	0	0	0	0	0	0	0	0	0	0	0	0	0	0	0	0	0	0	0
03:35:00	12900	0	0	0	0	0	0	0	0	0	0	0	0	0	0	0	0	0	0	0	0	0	0	0	0	0	0	0	0
03:40:00	13200	0	0	0	0	0	0	0	0	0	0	0	0	0	0	0	0	0	0	0	0	0	0	0	0	0	0	0	0
03:45:00	13500	0	0	0	0	0	0	0	0	0	0	0	0	0	0	0	0	0	0	0	0	0	0	0	0	0	0	0	0
03:50:00	13800	0	0	0	0	0	0	0	0	0	0	0	0	0	0	0	0	0	0	0	0	0	0	0	0	0	0	0	0
03:55:00	14100	0	0	0	0	0	0	0	0	0	0	0	0	0	0	0	0	0	0	0	0	0	0	0	0	0	0	0	0
04:00:00	14400	0	0	0	0	0	0	0	0	0	0	0	0	0	0	0	0	0	0	0	0	0	0	0	0	0	0	0	0
04:05:00	14700	0	0	0	0	0	0	0	0	0	0	0	0	0	0	0	0	0	0	0	0	0	0	0	0	0	0	0	0
04:10:00	15000	0	0	0	0	0	0	0	0	0	0	0	0	0	0	0	0	0	0	0	0	0	0	0	0	0	0	0	0
04:15:00	15300	0	0	0	0	0	0	0	0	0	0	0	0	0	0	0	0	0	0	0	0	0	0	0	0	0	0	0	0
04:20:00	15600	0	0	0	0	0	0	0	0	0	0	0	0	0	0	0	0	0	0	0	0	0	0	0	0	0	0	0	0
04:25:00	15900	0	0	0	0	0	0	0	0	0	0	0	0	0	0	0	0	0	0	0	0	0	0	0	0	0	0	0	0
04:30:00	16200	0	0	0	0	0	0	0	0	0	0	0	0	0	0	0	0	0	0	0	0	0	0	0	0	0	0	0	0
04:35:00	16500	0	0	0	0	0	0	0	0	0	0	0	0	0	0	0	0	0	0	0	0	0	0	0	0	0	0	0	0
04:40:00	16800	0	0	0	0	0	0	0	0	0	0	0	0	0	0	0	0	0	0	0	0	0	0	0	0	0	0	0	0
04:45:00	17100	0	0	0	0	0	0	0	0	0	0	0	0	0	0	0	0	0	0	0	0	0	0	0	0	0	0	0	0
04:50:00	17400	0	0	0	0	0	0	0	0	0	0	0	0	0	0	0	0	0	0	0	0	0	0	0	0	0	0	0	0
04:55:00	17700	0	0	0	0	0	0	0	0	0	0	0	0	0	0	0	0	0	0	0	0	0	0	0	0	0	0	0	0
05:00:00	18000	0	0	0	0	0	0	0	0	0	0	0	0	0	0	0	0	0	0	0	0	0	0	0	0	0	0	0	0
05:05:00	18300	0	0	0	0	0	0	0	0	0	0	0	0	0	0	0	0	0	0	0	0	0	0	0	0	0	0	0	0
05:10:00	18600	0	0	0	0	0	0	0	0	0	0	0	0	0	0	0	0	0	0	0	0	0	0	0	0	0	0	0	0
05:15:00	18900	0	0	0	0	0	0	0	0	0	0	0	0	0	0	0	0	0	0	0	0	0	0	0	0	0	0	0	0
05:20:00	19200	0	0	0	0	0	0	0	0	0	0	0	0	0	0	0	0	0	0	0	0	0	0	0	0	0	0	0	0
05:25:00	19500	0	0	0	0	0	0	0	0	0	0	0	0	0	0	0	0	0	0	0	0	0	0	0	0	0	0	0	0
05:30:00	19800	0	0	0	0	0	0	0	0	0	0	0	0	0	0	0	0	0	0	0	0	0	0	0	0	0	0	0	0
05:35:00	20100	0	0	0	0	0	0	0	0	0	0	0	0	0	0	0	0	0	0	0	0	0	0	0	0	0	0	0	0
05:40:00	20400	0	0	0	0	0	0	0	0	0	0	0	0	0	0	0	0	0	0	0	0	0	0	0	0	0	0	0	0
05:45:00	20700	0	0	0	0	0	0	0	0	0	0	0	0	0	0	0	0	0	0	0	0	0	0	0	0	0	0	0	0
05:50:00	21000	0	0	0	0	0	0	0	0	0	0	0	0	0	0	0	0	0	0	0	0	0	0	0	0	0	0	0	0
05:55:00	21300	0	0	0	0	0	0	0	0	0	0	0	0	0	0	0	0	0	0	0	0	0	0	0	0	0	0	0	0
06:00:00	21600	0	0	0	0	0	0	0	0	0	0	0	0	0	0	0	0	0	0	0	0	0	0	0	0	0	0	0	0
06:05:00	21900	0	0	0	0	0	0	0	0	0	0	0	0	0	0	0	0	0	0	0	0	0	0	0	0	0	0	0	0
06:10:00	22200	0	0	0	0	0	0	0	0	0	0	0	0	0	0	0	0	0	0	0	0	0	0	0	0	0	0	0	0
06:15:00	22500	0	0	0	0	0	0	0	0	0	0	0	0	0	0	0	0	0	0	0	0	0	0	0	0	0	0	0	0
06:20:00	22800	0	0	0	0	0	0	0	0	0	0	0	0	0	0	0	0	0	0	0	0	0	0	0	0	0	0	0	0
06:25:00	23100	0	0	0	0	0	0	0	0	0	0	0	0	0	0	0	0	0	0	0	0	0	0	0	0	0	0	0	0
06:30:00	23400	0	0	0	0	0	0	0	0	0	0	0	0	0	0	0	0	0	0	0	0	0	0	0	0	0	0	0	0
06:35:00	23700	0	0	0	0	0	0	0	0	0	0	0	0	0	0	0	0	0	0	0	0	0	0	0	0	0	0	0	0
06:40:00	24000	0	0	0	0	0	0	0	0	0	0	0	0	0	0	0	0	0	0	0	0	0	0	0	0	0	0	0	0
06:45:00	24300	0	0	0	0	0	0	0	0	0	0	0	0	0	0	0	0	0	0	0	0	0	0	0	0	0	0	0	0
06:50:00	24600	1	0	0	1	0	0	0	0	0	0	0	0	0	0	0	0	0	0	0	0	1	0	0	1	0	0	0	0
06:55:00	24900	2	0	0	3	1	0	0	1	0	0	0	0	0	0	0	0	1	0	0	1	0	0	0	1	0	0	0	0
07:00:00	25200	2	2	0	3	1	1	0	1	1	0	0	1	0	0	0	0	0	0	0	1	0	1	0	0	0	0	0	0
07:05:00	25500	3	1	0	5	0	0	0	1	0	1	0	0	0	0	0	0	2	0	0	3	1	0	0	1	0	0	0	0
07:10:00	25800	6	3	1	7	4	1	1	3	0	0	0	0	0	1	0	-1	2	1	0	4	0	0	0	1	0	0	0	0
07:15:00	26100	3	0	1	9	2	0	1	4	0	0	0	0	0	0	0	-1	1	0	0	5	0	0	0	1	0	0	0	0
07:20:00	26400	12	3	0	18	5	3	0	6	0	0	0	0	0	0	0	-1	7	0	0	12	0	0	0	1	0	0	0	0
07:25:00	26700	12	7	0	23	8	4	0	10	0	0	0	0	0	1	0	-2	4	1	0	15	0	1	0	0	0	0	0	0
07:30:00	27000	22	14	1	30	19	9	1	19	0	0	0	0	0	2	0	-4	3	3	0	15	0	0	0	0	0	0	0	0
07:35:00	27300	21	18	0	33	15	13	0	21	0	0	0	0	0	2	0	-6	5	3	0	17	0	0	0	0	1	0	0	1
07:40:00	27600	24	29	0	28	22	17	0	26	0	0	0	0	0	5	0	-11	2	7	0	12	0	0	0	0	0	0	0	1
07:45:00	27900	44	26	1	45	25	13	1	37	0	0	0	0	0	7	0	-18	18	6	0	24	0	0	0	0	1	0	0	2
07:50:00	28200	68	26	0	87	45	17	0	65	0	0	0	0	0	5	0	-23	20	4	0	40	1	0	0	1	2	0	0	4
07:55:00	28500	68	50	0	105	51	37	0	79	0	0	0	0	0	7	0	-30	14	6	0	48	1	0	0	2	2	0	0	6
08:00:00	28800	80	80	1	104	66	51	1	93	0	0	0	0	0	14	0	-44	13	15	0	46	0	0	0	2	1	0	0	7
08:05:00	29100	86	81	0	109	65	37	0	121	1	0	0	1	0	22	0	-66	17	21	0	42	2	1	0	3	1	0	0	8
08:10:00	29400	68	73	1	103	45	35	1	130	2	3	0	0	0	21	0	-87	16	12	0	46	4	2	0	5	1	0	0	9
08:15:00	29700	58	64	0	97	46	39	0	137	2	0	0	2	0	12	0	-99	9	11	0	44	1	2	0	4	0	0	0	9
08:20:00	30000	64	65	0	96	46	32	0	151	2	2	0	2	0	15	0	-114	12	12	0	44	3	3	0	4	1	1	0	9
08:25:00	30300	49	50	0	95	34	24	0	161	1	2	0	1	0	13	0	-127	12	10	0	46	2	1	0	5	0	0	0	9
08:30:00	30600	41	48	0	88	32	28	0	165	0	1	0	0	0	8	0	-135	8	9	0	45	1	1	0	5	0	1	0	8
08:35:00	30900	47	46	0	89	35	24	0	176	1	1	0	0	0	9	0	-144	10	9	0	46	1	2	0	4	0	1	0	7
08:40:00	31200	39	50	0	78	34	27	0	183	0	0	0	0	0	11	0	-155	5	11	0	40	0	1	0	3	0	0	0	7
08:45:00	31500	36	46	1	67	27	25	1	184	0	0	0	0	0	9	0	-164	8	11	0	37	1	1	0	3	0	0	0	7
08:50:00	31800	21	29	0	59	18	12	0	190	1	0	0	1	0	8	0	-172	1	6	0	32	1	1	0	3	0	2	0	5
08:55:00	32100	26	30	1	54	23	13	1	199	0	1	0	0	0	10	0	-182	2	6	0	28	1	0	0	4	0	0	0	5
09:00:00	32400	19	25	2	46	15	14	2	198	1	0	0	1	0	4	0	-186	3	4	0	27	0	2	0	2	0	1	0	4
09:05:00	32700	17	22	0	41	13	11	0	200	0	1	0	0	0	4	0	-190	2	5	0	24	1	0	0	3	1	1	0	4
09:10:00	33000	16	22	0	35	13	8	0	205	0	0	0	0	0	6	0	-196	3	5	0	22	0	2	0	1	0	1	0	3
09:15:00	33300	13	13	1	34	9	7	1	206	1	0	0	1	0	4	0	-200	2	1	0	23	1	1	0	1	0	0	0	3
09:20:00	33600	10	12	0	32	8	6	0	208	0	0	0	1	0	2	0	-202	1	3	0	21	0	0	0	1	1	1	0	3
09:25:00	33900	12	9	0	35	8	4	0	212	0	1	0	0	0	2	0	-204	3	2	0	22	1	0	0	2	0	0	0	3
09:30:00	34200	6	10	1	30	4	6	1	209	1	1	0	0	0	2	0	-206	0	0	0	22	1	1	0	2	0	0	0	3
09:35:00	34500	10	11	0	29	5	3	0	211	2	1	0	1	0	2	0	-208	1	3	0	20	1	2	0	1	1	0	0	4
09:40:00	34800	10	5	0	34	6	2	0	215	0	1	0	0	0	0	0	-208	3	2	0	21	1	0	0	2	0	0	0	4
09:45:00	35100	6	9	0	31	4	5	0	214	0	0	0	0	0	2	0	-210	2	1	0	22	0	0	0	2	0	1	0	3
09:50:00	35400	7	6	0	32	4	3	0	215	0	0	0	0	0	1	0	-211	2	0	0	24	1	2	0	1	0	0	0	3
09:55:00	35700	8	7	0	33	5	3	0	217	0	0	0	0	0	2	0	-213	3	1	0	26	0	0	0	1	0	1	0	2
10:00:00	36000	8	7	0	34	5	6	0	216	0	0	0	0	0	0	0	-213	3	1	0	28	0	0	0	1	0	0	0	2
10:05:00	36300	8	10	0	32	6	5	0	217	0	0	0	0	0	1	0	-214	2	4	0	26	0	0	0	1	0	0	0	2
10:10:00	36600	6	6	0	32	4	1	0	220	1	0	0	1	0	3	0	-217	1	1	0	26	0	1	0	0	0	0	0	2
10:15:00	36900	5	9	0	28	3	4	0	219	0	1	0	0	0	2	0	-219	1	1	0	26	1	0	0	1	0	1	0	1
10:20:00	37200	11	9	0	30	7	5	0	221	1	0	0	1	0	1	0	-220	3	2	0	27	0	1	0	0	0	0	0	1
10:25:00	37500	6	6	1	29	2	2	1	220	0	1	0	0	0	2	0	-222	3	1	0	29	1	0	0	1	0	0	0	1
10:30:00	37800	4	5	0	28	3	4	0	219	0	0	0	0	0	0	0	-222	1	0	0	30	0	1	0	0	0	0	0	1
10:35:00	38100	4	5	0	27	4	3	0	220	0	0	0	0	0	1	0	-223	0	1	0	29	0	0	0	0	0	0	0	1
10:40:00	38400	6	7	0	26	3	4	0	219	0	0	0	0	0	1	0	-224	2	2	0	29	1	0	0	1	0	0	0	1
10:45:00	38700	10	5	0	31	5	2	0	222	2	1	0	1	0	0	0	-224	0	0	0	29	2	2	0	1	1	0	0	2
10:50:00	39000	7	10	0	28	4	8	0	218	0	1	0	0	0	1	0	-225	2	0	0	31	1	0	0	2	0	0	0	2
10:55:00	39300	8	9	0	27	5	3	0	220	2	0	0	2	0	1	0	-226	1	3	0	29	0	2	0	0	0	0	0	2
11:00:00	39600	5	8	0	24	2	3	0	219	0	2	0	0	0	3	0	-229	1	0	0	30	2	0	0	2	0	0	0	2
11:05:00	39900	2	3	0	23	1	1	0	219	0	0	0	0	0	0	0	-229	1	1	0	30	0	1	0	1	0	0	0	2
11:10:00	40200	6	3	0	26	2	2	0	219	0	0	0	0	0	1	0	-230	3	0	0	33	0	0	0	1	1	0	0	3
11:15:00	40500	8	5	0	29	6	4	0	221	0	0	0	0	0	0	0	-230	2	1	0	34	0	0	0	1	0	0	0	3
11:20:00	40800	7	9	0	27	6	5	0	222	0	0	0	0	0	1	0	-231	1	1	0	34	0	1	0	0	0	1	0	2
11:25:00	41100	5	5	0	27	4	3	0	223	0	0	0	0	0	1	0	-232	1	1	0	34	0	0	0	0	0	0	0	2
11:30:00	41400	8	5	0	30	5	4	0	224	0	0	0	0	0	1	0	-233	2	0	0	36	1	0	0	1	0	0	0	2
11:35:00	41700	7	9	1	27	5	6	1	222	0	0	0	0	0	1	0	-234	2	2	0	36	0	0	0	1	0	0	0	2
11:40:00	42000	5	8	0	24	3	4	0	221	1	0	0	1	0	1	0	-235	1	2	0	35	0	1	0	0	0	0	0	2
11:45:00	42300	6	8	0	22	1	3	0	219	1	1	0	1	0	2	0	-237	2	1	0	36	1	1	0	0	1	0	0	3
11:50:00	42600	5	4	0	23	3	2	0	220	0	1	0	0	0	1	0	-238	1	0	0	37	1	0	0	1	0	0	0	3
11:55:00	42900	8	5	0	26	5	4	0	221	1	0	0	1	0	0	0	-238	2	0	0	39	0	1	0	0	0	0	0	3
12:00:00	43200	6	6	0	26	4	4	0	221	0	0	0	1	0	0	0	-238	2	1	0	40	0	0	0	0	0	1	0	2
12:05:00	43500	7	10	0	23	5	5	0	221	0	1	0	0	0	2	0	-240	1	2	0	39	1	0	0	1	0	0	0	2
12:10:00	43800	8	7	0	24	6	4	0	223	0	0	0	0	0	1	0	-241	2	2	0	39	0	0	0	1	0	0	0	2
12:15:00	44100	5	7	0	22	4	4	0	223	0	0	0	0	0	2	0	-243	1	0	0	40	0	0	0	1	0	1	0	1
12:20:00	44400	4	6	0	20	2	4	0	221	0	0	0	0	0	0	0	-243	2	2	0	40	0	0	0	1	0	0	0	1
12:25:00	44700	4	8	0	16	3	3	0	221	0	0	0	0	0	3	0	-246	1	1	0	40	0	1	0	0	0	0	0	1
12:30:00	45000	5	4	0	17	4	2	0	223	0	0	0	0	0	1	0	-247	0	1	0	39	0	0	0	0	1	0	0	2
12:35:00	45300	4	4	0	17	3	3	0	223	0	0	0	0	0	0	0	-247	1	1	0	39	0	0	0	0	0	0	0	2
12:40:00	45600	2	3	0	16	1	3	0	221	0	0	0	0	0	0	0	-247	1	0	0	40	0	0	0	0	0	0	0	2
12:45:00	45900	6	6	0	16	4	4	0	221	0	0	0	0	0	1	0	-248	2	1	0	41	0	0	0	0	0	0	0	2
12:50:00	46200	3	5	0	14	3	3	0	221	0	0	0	0	0	1	0	-249	0	1	0	40	0	0	0	0	0	0	0	2
12:55:00	46500	3	5	0	12	2	4	0	219	0	0	0	0	0	1	0	-250	0	0	0	40	1	0	0	1	0	0	0	2
13:00:00	46800	6	5	0	13	3	2	0	220	1	0	0	1	0	0	0	-250	1	1	0	40	0	1	0	0	1	1	0	2
13:05:00	47100	5	5	0	13	1	2	0	219	0	1	0	0	0	1	0	-251	3	1	0	42	1	0	0	1	0	0	0	2
13:10:00	47400	6	4	0	15	3	3	0	219	0	0	0	0	0	1	0	-252	2	0	0	44	1	0	0	2	0	0	0	2
13:15:00	47700	5	5	0	15	3	4	0	218	0	0	0	0	0	0	0	-252	2	0	0	46	0	1	0	1	0	0	0	2
13:20:00	48000	7	4	0	18	3	2	0	219	1	1	0	0	0	0	0	-252	2	0	0	48	1	1	0	1	0	0	0	2
13:25:00	48300	6	7	0	17	4	4	0	219	0	0	0	0	0	0	0	-252	1	2	0	47	0	0	0	1	1	1	0	2
13:30:00	48600	4	7	0	14	3	2	0	220	0	0	0	0	0	2	0	-254	0	2	0	45	0	1	0	0	1	0	0	3
13:35:00	48900	2	4	0	12	0	3	0	217	0	0	0	0	0	1	0	-255	2	0	0	47	0	0	0	0	0	0	0	3
13:40:00	49200	3	4	0	11	3	3	0	217	0	0	0	0	0	1	0	-256	0	0	0	47	0	0	0	0	0	0	0	3
13:45:00	49500	3	3	0	11	2	3	0	216	0	0	0	0	0	0	0	-256	1	0	0	48	0	0	0	0	0	0	0	3
13:50:00	49800	2	5	0	8	2	3	0	215	0	0	0	0	0	0	0	-256	0	1	0	47	0	0	0	0	0	1	0	2
13:55:00	50100	4	1	0	11	3	1	0	217	0	0	0	0	0	0	0	-256	1	0	0	48	0	0	0	0	0	0	0	2
14:00:00	50400	4	7	0	8	4	3	0	218	0	0	0	0	0	1	0	-257	0	2	0	46	0	0	0	0	0	1	0	1
14:05:00	50700	2	6	0	4	1	4	0	215	0	0	0	0	0	2	0	-259	1	0	0	47	0	0	0	0	0	0	0	1
14:10:00	51000	3	3	0	4	2	2	0	215	0	0	0	0	0	0	0	-259	1	1	0	47	0	0	0	0	0	0	0	1
14:15:00	51300	2	2	0	4	1	1	0	215	0	0	0	0	0	1	0	-260	1	0	0	48	0	0	0	0	0	0	0	1
14:20:00	51600	1	2	0	3	0	2	0	213	0	0	0	0	0	0	0	-260	1	0	0	49	0	0	0	0	0	0	0	1
14:25:00	51900	7	1	0	9	1	1	0	213	0	0	0	0	0	0	0	-260	4	0	0	53	1	0	0	1	1	0	0	2
14:30:00	52200	2	2	0	9	0	2	0	211	0	0	0	0	0	0	0	-260	2	0	0	55	0	0	0	1	0	0	0	2
14:35:00	52500	7	3	0	13	3	2	0	212	1	0	0	1	0	0	0	-260	3	0	0	58	0	1	0	0	0	0	0	2
14:40:00	52800	4	5	0	12	1	4	0	209	0	0	0	1	0	0	0	-260	3	1	0	60	0	0	0	0	0	0	0	2
14:45:00	53100	4	4	0	12	3	2	0	210	0	1	0	0	0	1	0	-261	0	0	0	60	1	0	0	1	0	0	0	2
14:50:00	53400	5	6	0	11	2	2	0	210	1	1	0	0	0	0	0	-261	1	1	0	60	1	1	0	1	0	1	0	1
14:55:00	53700	7	7	0	11	5	3	0	212	1	0	0	1	0	1	0	-262	1	2	0	59	0	1	0	0	0	0	0	1
15:00:00	54000	1	3	0	9	0	1	0	211	0	1	0	0	0	1	0	-263	0	0	0	59	1	0	0	1	0	0	0	1
15:05:00	54300	1	4	0	6	1	2	0	210	0	0	0	0	0	1	0	-264	0	0	0	59	0	1	0	0	0	0	0	1
15:10:00	54600	3	3	0	6	3	2	0	211	0	0	0	0	0	0	0	-264	0	1	0	58	0	0	0	0	0	0	0	1
15:15:00	54900	6	2	0	10	4	2	0	213	0	0	0	0	0	0	0	-264	2	0	0	60	0	0	0	0	0	0	0	1
15:20:00	55200	3	4	0	9	2	3	0	212	0	0	0	0	0	1	0	-265	1	0	0	61	0	0	0	0	0	0	0	1
15:25:00	55500	3	6	0	6	2	5	0	209	0	0	0	0	0	0	0	-265	1	1	0	61	0	0	0	0	0	0	0	1
15:30:00	55800	5	6	0	5	3	3	0	209	0	0	0	0	0	2	0	-267	2	1	0	62	0	0	0	0	0	0	0	1
15:35:00	56100	3	3	0	5	2	2	0	209	0	0	0	0	0	0	0	-267	1	1	0	62	0	0	0	0	0	0	0	1
15:40:00	56400	6	4	0	7	4	2	0	211	0	0	0	0	0	1	0	-268	1	1	0	62	1	0	0	1	0	0	0	1
15:45:00	56700	2	5	0	4	1	3	0	209	0	0	0	0	0	1	0	-269	1	1	0	62	0	0	0	1	0	0	0	1
15:50:00	57000	1	3	0	2	1	2	0	208	0	0	0	0	0	1	0	-270	0	0	0	62	0	0	0	1	0	0	0	1
15:55:00	57300	8	3	0	7	5	2	0	211	0	0	0	0	0	0	0	-270	3	1	0	64	0	0	0	1	0	0	0	1
16:00:00	57600	3	4	0	6	1	4	0	208	0	0	0	0	0	0	0	-270	2	0	0	66	0	0	0	1	0	0	0	1
16:05:00	57900	4	4	0	6	1	0	0	209	1	1	0	0	0	1	0	-271	0	1	0	65	1	1	0	1	1	0	0	2
16:10:00	58200	4	3	0	7	2	1	0	210	0	0	0	0	0	1	0	-272	1	0	0	66	1	0	0	2	0	1	0	1
16:15:00	58500	5	4	0	8	3	2	0	211	1	0	0	1	0	0	0	-272	1	0	0	67	0	2	0	0	0	0	0	1
16:20:00	58800	10	9	0	9	4	6	0	209	1	1	0	1	0	0	0	-272	2	1	0	68	3	1	0	2	0	0	0	1
16:25:00	59100	11	9	0	11	4	4	0	209	1	2	0	0	0	1	0	-273	3	1	0	70	2	1	0	3	1	0	0	2
16:30:00	59400	15	13	0	13	9	9	0	209	2	0	0	2	0	1	0	-274	3	1	0	72	1	2	0	2	0	0	0	2
16:35:00	59700	13	14	0	12	9	10	0	208	0	1	0	1	0	1	0	-275	3	1	0	74	1	1	0	2	0	0	0	2
16:40:00	60000	12	16	0	8	8	11	0	205	0	1	0	0	0	1	0	-276	3	2	0	75	1	1	0	2	0	0	0	2
16:45:00	60300	10	14	0	4	6	8	0	203	0	0	0	0	0	3	0	-279	4	3	0	76	0	0	0	2	0	0	0	2
16:50:00	60600	15	12	0	7	8	11	0	200	0	0	0	0	0	0	0	-279	7	0	0	83	0	1	0	1	0	0	0	2
16:55:00	60900	11	13	0	5	9	10	0	199	0	0	0	0	0	1	0	-280	1	2	0	82	1	0	0	2	0	0	0	2
17:00:00	61200	14	15	0	4	6	9	0	196	1	0	0	1	0	2	0	-282	6	2	0	86	0	2	0	0	1	0	0	3
17:05:00	61500	22	17	0	9	11	11	0	196	0	1	0	0	0	3	0	-285	9	2	0	93	2	0	0	2	0	0	0	3
17:10:00	61800	31	33	0	7	19	29	0	186	0	0	0	0	0	1	0	-286	12	2	0	103	0	0	0	2	0	1	0	2
17:15:00	62100	35	24	0	18	23	18	0	191	0	0	0	0	0	2	0	-288	10	4	0	109	1	0	0	3	1	0	0	3
17:20:00	62400	49	47	0	20	30	36	0	185	1	1	0	0	0	4	0	-292	17	5	0	121	1	1	0	3	0	0	0	3
17:25:00	62700	44	51	0	13	30	43	0	172	0	0	0	0	0	2	0	-294	13	5	0	129	0	0	0	3	1	1	0	3
17:30:00	63000	59	51	1	20	43	36	1	178	0	0	0	0	0	5	0	-299	15	9	0	135	0	1	0	2	1	0	0	4
17:35:00	63300	61	76	0	5	43	60	0	161	0	0	0	0	0	2	0	-301	16	13	0	138	1	1	0	2	1	0	0	5
17:40:00	63600	63	70	0	-2	42	51	0	152	0	0	0	0	0	7	0	-308	19	11	0	146	1	0	0	3	1	1	0	5
17:45:00	63900	79	84	0	-7	57	62	0	147	2	0	0	2	0	6	0	-314	18	14	0	150	0	2	0	1	2	0	0	7
17:50:00	64200	82	89	0	-14	56	75	0	128	0	2	0	0	0	3	0	-317	22	9	0	163	3	0	0	4	1	0	0	8
17:55:00	64500	97	108	0	-25	72	77	0	123	0	0	0	0	0	5	0	-322	21	25	0	159	2	0	0	6	2	1	0	9
18:00:00	64800	65	94	0	-54	50	63	0	110	2	0	0	2	0	11	0	-333	11	18	0	152	1	2	0	5	1	0	0	10
18:05:00	65100	59	88	0	-83	51	44	0	117	2	2	0	2	0	11	0	-344	3	27	0	128	2	2	0	5	1	2	0	9
18:10:00	65400	41	60	0	-102	38	32	0	123	0	2	0	0	0	12	0	-356	0	13	0	115	2	1	0	6	1	0	0	10
18:15:00	65700	33	64	0	-133	28	33	0	118	2	0	0	2	0	9	0	-365	3	18	0	100	0	4	0	2	0	0	0	10
18:20:00	66000	25	35	0	-143	20	18	0	120	0	1	0	1	0	7	0	-372	3	7	0	96	2	1	0	3	0	1	0	9
18:25:00	66300	25	42	0	-160	21	19	0	122	0	1	0	0	0	7	0	-379	3	14	0	85	1	0	0	4	0	1	0	8
18:30:00	66600	14	24	0	-170	10	13	0	119	2	0	0	2	0	7	0	-386	2	2	0	85	0	2	0	2	0	0	0	8
18:35:00	66900	13	24	0	-181	10	11	0	118	0	2	0	0	0	4	0	-390	0	6	0	79	2	1	0	3	1	0	0	9
18:40:00	67200	7	15	0	-189	5	5	0	118	0	0	0	0	0	4	0	-394	2	2	0	79	0	2	0	1	0	2	0	7
18:45:00	67500	7	9	0	-191	5	4	0	119	0	0	0	0	0	1	0	-395	2	3	0	78	0	0	0	1	0	1	0	6
18:50:00	67800	4	8	0	-195	2	5	0	116	0	0	0	0	0	1	0	-396	2	1	0	79	0	1	0	0	0	0	0	6
18:55:00	68100	4	7	0	-198	4	3	0	117	0	0	0	0	0	1	0	-397	0	2	0	77	0	0	0	0	0	1	0	5
19:00:00	68400	7	4	0	-195	3	3	0	117	0	0	0	0	0	0	0	-397	3	0	0	80	1	0	0	1	0	1	0	4
19:05:00	68700	4	8	0	-199	2	6	0	113	0	0	0	0	0	1	0	-398	2	1	0	81	0	0	0	1	0	0	0	4
19:10:00	69000	2	4	0	-201	1	3	0	111	0	0	0	0	0	0	0	-398	1	1	0	81	0	0	0	1	0	0	0	4
19:15:00	69300	2	2	0	-201	2	1	0	112	0	0	0	0	0	0	0	-398	0	0	0	81	0	0	0	1	0	1	0	3
19:20:00	69600	4	5	0	-202	3	3	0	112	1	0	0	1	0	0	0	-398	0	1	0	80	0	1	0	0	0	0	0	3
19:25:00	69900	1	4	0	-205	0	3	0	109	0	1	0	0	0	0	0	-398	0	0	0	80	1	0	0	1	0	0	0	3
19:30:00	70200	1	1	0	-205	1	1	0	109	0	0	0	0	0	0	0	-398	0	0	0	80	0	0	0	1	0	0	0	3
19:35:00	70500	2	3	0	-206	1	2	0	108	0	0	0	0	0	0	0	-398	1	1	0	80	0	0	0	1	0	0	0	3
19:40:00	70800	0	5	0	-211	0	2	0	106	0	0	0	0	0	1	0	-399	0	0	0	80	0	0	0	1	0	2	0	1
19:45:00	71100	2	1	0	-210	0	1	0	105	0	0	0	0	0	0	0	-399	1	0	0	81	0	0	0	1	1	0	0	2
19:50:00	71400	3	4	0	-211	2	3	0	104	0	0	0	0	0	0	0	-399	1	0	0	82	0	0	0	1	0	1	0	1
19:55:00	71700	1	4	0	-214	0	4	0	100	0	0	0	0	0	0	0	-399	1	0	0	83	0	0	0	1	0	0	0	1
20:00:00	72000	0	2	0	-216	0	1	0	99	0	0	0	0	0	0	0	-399	0	0	0	83	0	1	0	0	0	0	0	1
20:05:00	72300	1	0	0	-215	0	0	0	99	0	0	0	0	0	0	0	-399	0	0	0	83	0	0	0	0	1	0	0	2
20:10:00	72600	0	0	0	-215	0	0	0	99	0	0	0	0	0	0	0	-399	0	0	0	83	0	0	0	0	0	0	0	2
20:15:00	72900	0	0	0	-215	0	0	0	99	0	0	0	0	0	0	0	-399	0	0	0	83	0	0	0	0	0	0	0	2
20:20:00	73200	0	0	0	-215	0	0	0	99	0	0	0	0	0	0	0	-399	0	0	0	83	0	0	0	0	0	0	0	2
20:25:00	73500	0	1	0	-216	0	0	0	99	0	0	0	0	0	0	0	-399	0	0	0	83	0	0	0	0	0	1	0	1
20:30:00	73800	0	0	0	-216	0	0	0	99	0	0	0	0	0	0	0	-399	0	0	0	83	0	0	0	0	0	0	0	1
20:35:00	74100	0	0	0	-216	0	0	0	99	0	0	0	0	0	0	0	-399	0	0	0	83	0	0	0	0	0	0	0	1
20:40:00	74400	0	1	0	-217	0	0	0	99	0	0	0	0	0	0	0	-399	0	0	0	83	0	0	0	0	0	1	0	0
20:45:00	74700	0	0	0	-217	0	0	0	99	0	0	0	0	0	0	0	-399	0	0	0	83	0	0	0	0	0	0	0	0
20:50:00	75000	0	0	0	-217	0	0	0	99	0	0	0	0	0	0	0	-399	0	0	0	83	0	0	0	0	0	0	0	0
20:55:00	75300	0	0	0	-217	0	0	0	99	0	0	0	0	0	0	0	-399	0	0	0	83	0	0	0	0	0	0	0	0
21:00:00	75600	0	0	0	-217	0	0	0	99	0	0	0	0	0	0	0	-399	0	0	0	83	0	0	0	0	0	0	0	0
21:05:00	75900	0	0	0	-217	0	0	0	99	0	0	0	0	0	0	0	-399	0	0	0	83	0	0	0	0	0	0	0	0
21:10:00	76200	0	0	0	-217	0	0	0	99	0	0	0	0	0	0	0	-399	0	0	0	83	0	0	0	0	0	0	0	0
21:15:00	76500	0	0	0	-217	0	0	0	99	0	0	0	0	0	0	0	-399	0	0	0	83	0	0	0	0	0	0	0	0
21:20:00	76800	0	0	0	-217	0	0	0	99	0	0	0	0	0	0	0	-399	0	0	0	83	0	0	0	0	0	0	0	0
21:25:00	77100	0	0	0	-217	0	0	0	99	0	0	0	0	0	0	0	-399	0	0	0	83	0	0	0	0	0	0	0	0
21:30:00	77400	0	0	0	-217	0	0	0	99	0	0	0	0	0	0	0	-399	0	0	0	83	0	0	0	0	0	0	0	0
21:35:00	77700	0	0	0	-217	0	0	0	99	0	0	0	0	0	0	0	-399	0	0	0	83	0	0	0	0	0	0	0	0
21:40:00	78000	0	0	0	-217	0	0	0	99	0	0	0	0	0	0	0	-399	0	0	0	83	0	0	0	0	0	0	0	0
21:45:00	78300	0	0	0	-217	0	0	0	99	0	0	0	0	0	0	0	-399	0	0	0	83	0	0	0	0	0	0	0	0
21:50:00	78600	0	0	0	-217	0	0	0	99	0	0	0	0	0	0	0	-399	0	0	0	83	0	0	0	0	0	0	0	0
21:55:00	78900	0	0	0	-217	0	0	0	99	0	0	0	0	0	0	0	-399	0	0	0	83	0	0	0	0	0	0	0	0
22:00:00	79200	0	0	0	-217	0	0	0	99	0	0	0	0	0	0	0	-399	0	0	0	83	0	0	0	0	0	0	0	0
22:05:00	79500	0	0	0	-217	0	0	0	99	0	0	0	0	0	0	0	-399	0	0	0	83	0	0	0	0	0	0	0	0
22:10:00	79800	0	0	0	-217	0	0	0	99	0	0	0	0	0	0	0	-399	0	0	0	83	0	0	0	0	0	0	0	0
22:15:00	80100	0	0	0	-217	0	0	0	99	0	0	0	0	0	0	0	-399	0	0	0	83	0	0	0	0	0	0	0	0
22:20:00	80400	0	0	0	-217	0	0	0	99	0	0	0	0	0	0	0	-399	0	0	0	83	0	0	0	0	0	0	0	0
22:25:00	80700	0	0	0	-217	0	0	0	99	0	0	0	0	0	0	0	-399	0	0	0	83	0	0	0	0	0	0	0	0
22:30:00	81000	0	0	0	-217	0	0	0	99	0	0	0	0	0	0	0	-399	0	0	0	83	0	0	0	0	0	0	0	0
22:35:00	81300	0	0	0	-217	0	0	0	99	0	0	0	0	0	0	0	-399	0	0	0	83	0	0	0	0	0	0	0	0
22:40:00	81600	0	0	0	-217	0	0	0	99	0	0	0	0	0	0	0	-399	0	0	0	83	0	0	0	0	0	0	0	0
22:45:00	81900	0	0	0	-217	0	0	0	99	0	0	0	0	0	0	0	-399	0	0	0	83	0	0	0	0	0	0	0	0
22:50:00	82200	0	0	0	-217	0	0	0	99	0	0	0	0	0	0	0	-399	0	0	0	83	0	0	0	0	0	0	0	0
22:55:00	82500	0	0	0	-217	0	0	0	99	0	0	0	0	0	0	0	-399	0	0	0	83	0	0	0	0	0	0	0	0
23:00:00	82800	0	0	0	-217	0	0	0	99	0	0	0	0	0	0	0	-399	0	0	0	83	0	0	0	0	0	0	0	0
23:05:00	83100	0	0	0	-217	0	0	0	99	0	0	0	0	0	0	0	-399	0	0	0	83	0	0	0	0	0	0	0	0
23:10:00	83400	0	0	0	-217	0	0	0	99	0	0	0	0	0	0	0	-399	0	0	0	83	0	0	0	0	0	0	0	0
23:15:00	83700	0	0	0	-217	0	0	0	99	0	0	0	0	0	0	0	-399	0	0	0	83	0	0	0	0	0	0	0	0
23:20:00	84000	0	0	0	-217	0	0	0	99	0	0	0	0	0	0	0	-399	0	0	0	83	0	0	0	0	0	0	0	0
23:25:00	84300	0	0	0	-217	0	0	0	99	0	0	0	0	0	0	0	-399	0	0	0	83	0	0	0	0	0	0	0	0
23:30:00	84600	0	0	0	-217	0	0	0	99	0	0	0	0	0	0	0	-399	0	0	0	83	0	0	0	0	0	0	0	0
23:35:00	84900	0	0	0	-217	0	0	0	99	0	0	0	0	0	0	0	-399	0	0	0	83	0	0	0	0	0	0	0	0
23:40:00	85200	0	0	0	-217	0	0	0	99	0	0	0	0	0	0	0	-399	0	0	0	83	0	0	0	0	0	0	0	0
23:45:00	85500	0	0	0	-217	0	0	0	99	0	0	0	0	0	0	0	-399	0	0	0	83	0	0	0	0	0	0	0	0
23:50:00	85800	0	0	0	-217	0	0	0	99	0	0	0	0	0	0	0	-399	0	0	0	83	0	0	0	0	0	0	0	0
23:55:00	86100	0	0	0	-217	0	0	0	99	0	0	0	0	0	0	0	-399	0	0	0	83	0	0	0	0	0	0	0	0
24:00:00	86400	0	0	0	-217	0	0	0	99	0	0	0	0	0	0	0	-399	0	0	0	83	0	0	0	0	0	0	0	0
24:05:00	86700	0	0	0	-217	0	0	0	99	0	0	0	0	0	0	0	-399	0	0	0	83	0	0	0	0	0	0	0	0
24:10:00	87000	0	0	0	-217	0	0	0	99	0	0	0	0	0	0	0	-399	0	0	0	83	0	0	0	0	0	0	0	0
24:15:00	87300	0	0	0	-217	0	0	0	99	0	0	0	0	0	0	0	-399	0	0	0	83	0	0	0	0	0	0	0	0
24:20:00	87600	0	0	0	-217	0	0	0	99	0	0	0	0	0	0	0	-399	0	0	0	83	0	0	0	0	0	0	0	0
24:25:00	87900	0	0	0	-217	0	0	0	99	0	0	0	0	0	0	0	-399	0	0	0	83	0	0	0	0	0	0	0	0
24:30:00	88200	0	0	0	-217	0	0	0	99	0	0	0	0	0	0	0	-399	0	0	0	83	0	0	0	0	0	0	0	0
24:35:00	88500	0	0	0	-217	0	0	0	99	0	0	0	0	0	0	0	-399	0	0	0	83	0	0	0	0	0	0	0	0
24:40:00	88800	0	0	0	-217	0	0	0	99	0	0	0	0	0	0	0	-399	0	0	0	83	0	0	0	0	0	0	0	0
24:45:00	89100	0	0	0	-217	0	0	0	99	0	0	0	0	0	0	0	-399	0	0	0	83	0	0	0	0	0	0	0	0
24:50:00	89400	0	0	0	-217	0	0	0	99	0	0	0	0	0	0	0	-399	0	0	0	83	0	0	0	0	0	0	0	0
24:55:00	89700	0	0	0	-217	0	0	0	99	0	0	0	0	0	0	0	-399	0	0	0	83	0	0	0	0	0	0	0	0
25:00:00	90000	0	0	0	-217	0	0	0	99	0	0	0	0	0	0	0	-399	0	0	0	83	0	0	0	0	0	0	0	0
25:05:00	90300	0	0	0	-217	0	0	0	99	0	0	0	0	0	0	0	-399	0	0	0	83	0	0	0	0	0	0	0	0
25:10:00	90600	0	0	0	-217	0	0	0	99	0	0	0	0	0	0	0	-399	0	0	0	83	0	0	0	0	0	0	0	0
25:15:00	90900	0	0	0	-217	0	0	0	99	0	0	0	0	0	0	0	-399	0	0	0	83	0	0	0	0	0	0	0	0
25:20:00	91200	0	0	0	-217	0	0	0	99	0	0	0	0	0	0	0	-399	0	0	0	83	0	0	0	0	0	0	0	0
25:25:00	91500	0	0	0	-217	0	0	0	99	0	0	0	0	0	0	0	-399	0	0	0	83	0	0	0	0	0	0	0	0
25:30:00	91800	0	0	0	-217	0	0	0	99	0	0	0	0	0	0	0	-399	0	0	0	83	0	0	0	0	0	0	0	0
25:35:00	92100	0	0	0	-217	0	0	0	99	0	0	0	0	0	0	0	-399	0	0	0	83	0	0	0	0	0	0	0	0
25:40:00	92400	0	0	0	-217	0	0	0	99	0	0	0	0	0	0	0	-399	0	0	0	83	0	0	0	0	0	0	0	0
25:45:00	92700	0	0	0	-217	0	0	0	99	0	0	0	0	0	0	0	-399	0	0	0	83	0	0	0	0	0	0	0	0
25:50:00	93000	0	0	0	-217	0	0	0	99	0	0	0	0	0	0	0	-399	0	0	0	83	0	0	0	0	0	0	0	0
25:55:00	93300	0	0	0	-217	0	0	0	99	0	0	0	0	0	0	0	-399	0	0	0	83	0	0	0	0	0	0	0	0
26:00:00	93600	0	0	0	-217	0	0	0	99	0	0	0	0	0	0	0	-399	0	0	0	83	0	0	0	0	0	0	0	0
26:05:00	93900	0	0	0	-217	0	0	0	99	0	0	0	0	0	0	0	-399	0	0	0	83	0	0	0	0	0	0	0	0
26:10:00	94200	0	0	0	-217	0	0	0	99	0	0	0	0	0	0	0	-399	0	0	0	83	0	0	0	0	0	0	0	0
26:15:00	94500	0	0	0	-217	0	0	0	99	0	0	0	0	0	0	0	-399	0	0	0	83	0	0	0	0	0	0	0	0
26:20:00	94800	0	0	0	-217	0	0	0	99	0	0	0	0	0	0	0	-399	0	0	0	83	0	0	0	0	0	0	0	0
26:25:00	95100	0	0	0	-217	0	0	0	99	0	0	0	0	0	0	0	-399	0	0	0	83	0	0	0	0	0	0	0	0
26:30:00	95400	0	0	0	-217	0	0	0	99	0	0	0	0	0	0	0	-399	0	0	0	83	0	0	0	0	0	0	0	0
26:35:00	95700	0	0	0	-217	0	0	0	99	0	0	0	0	0	0	0	-399	0	0	0	83	0	0	0	0	0	0	0	0
26:40:00	96000	0	0	0	-217	0	0	0	99	0	0	0	0	0	0	0	-399	0	0	0	83	0	0	0	0	0	0	0	0
26:45:00	96300	0	0	0	-217	0	0	0	99	0	0	0	0	0	0	0	-399	0	0	0	83	0	0	0	0	0	0	0	0
26:50:00	96600	0	0	0	-217	0	0	0	99	0	0	0	0	0	0	0	-399	0	0	0	83	0	0	0	0	0	0	0	0
26:55:00	96900	0	0	0	-217	0	0	0	99	0	0	0	0	0	0	0	-399	0	0	0	83	0	0	0	0	0	0	0	0
27:00:00	97200	0	0	0	-217	0	0	0	99	0	0	0	0	0	0	0	-399	0	0	0	83	0	0	0	0	0	0	0	0
27:05:00	97500	0	0	0	-217	0	0	0	99	0	0	0	0	0	0	0	-399	0	0	0	83	0	0	0	0	0	0	0	0
27:10:00	97800	0	0	0	-217	0	0	0	99	0	0	0	0	0	0	0	-399	0	0	0	83	0	0	0	0	0	0	0	0
27:15:00	98100	0	0	0	-217	0	0	0	99	0	0	0	0	0	0	0	-399	0	0	0	83	0	0	0	0	0	0	0	0
27:20:00	98400	0	0	0	-217	0	0	0	99	0	0	0	0	0	0	0	-399	0	0	0	83	0	0	0	0	0	0	0	0
27:25:00	98700	0	0	0	-217	0	0	0	99	0	0	0	0	0	0	0	-399	0	0	0	83	0	0	0	0	0	0	0	0
27:30:00	99000	0	0	0	-217	0	0	0	99	0	0	0	0	0	0	0	-399	0	0	0	83	0	0	0	0	0	0	0	0
27:35:00	99300	0	0	0	-217	0	0	0	99	0	0	0	0	0	0	0	-399	0	0	0	83	0	0	0	0	0	0	0	0
27:40:00	99600	0	0	0	-217	0	0	0	99	0	0	0	0	0	0	0	-399	0	0	0	83	0	0	0	0	0	0	0	0
27:45:00	99900	0	0	0	-217	0	0	0	99	0	0	0	0	0	0	0	-399	0	0	0	83	0	0	0	0	0	0	0	0
27:50:00	100200	0	0	0	-217	0	0	0	99	0	0	0	0	0	0	0	-399	0	0	0	83	0	0	0	0	0	0	0	0
27:55:00	100500	0	0	0	-217	0	0	0	99	0	0	0	0	0	0	0	-399	0	0	0	83	0	0	0	0	0	0	0	0
28:00:00	100800	0	0	0	-217	0	0	0	99	0	0	0	0	0	0	0	-399	0	0	0	83	0	0	0	0	0	0	0	0
28:05:00	101100	0	0	0	-217	0	0	0	99	0	0	0	0	0	0	0	-399	0	0	0	83	0	0	0	0	0	0	0	0
28:10:00	101400	0	0	0	-217	0	0	0	99	0	0	0	0	0	0	0	-399	0	0	0	83	0	0	0	0	0	0	0	0
28:15:00	101700	0	0	0	-217	0	0	0	99	0	0	0	0	0	0	0	-399	0	0	0	83	0	0	0	0	0	0	0	0
28:20:00	102000	0	0	0	-217	0	0	0	99	0	0	0	0	0	0	0	-399	0	0	0	83	0	0	0	0	0	0	0	0
28:25:00	102300	0	0	0	-217	0	0	0	99	0	0	0	0	0	0	0	-399	0	0	0	83	0	0	0	0	0	0	0	0
28:30:00	102600	0	0	0	-217	0	0	0	99	0	0	0	0	0	0	0	-399	0	0	0	83	0	0	0	0	0	0	0	0
28:35:00	102900	0	0	0	-217	0	0	0	99	0	0	0	0	0	0	0	-399	0	0	0	83	0	0	0	0	0	0	0	0
28:40:00	103200	0	0	0	-217	0	0	0	99	0	0	0	0	0	0	0	-399	0	0	0	83	0	0	0	0	0	0	0	0
28:45:00	103500	0	0	0	-217	0	0	0	99	0	0	0	0	0	0	0	-399	0	0	0	83	0	0	0	0	0	0	0	0
28:50:00	103800	0	0	0	-217	0	0	0	99	0	0	0	0	0	0	0	-399	0	0	0	83	0	0	0	0	0	0	0	0
28:55:00	104100	0	0	0	-217	0	0	0	99	0	0	0	0	0	0	0	-399	0	0	0	83	0	0	0	0	0	0	0	0
29:00:00	104400	0	0	0	-217	0	0	0	99	0	0	0	0	0	0	0	-399	0	0	0	83	0	0	0	0	0	0	0	0
29:05:00	104700	0	0	0	-217	0	0	0	99	0	0	0	0	0	0	0	-399	0	0	0	83	0	0	0	0	0	0	0	0
29:10:00	105000	0	0	0	-217	0	0	0	99	0	0	0	0	0	0	0	-399	0	0	0	83	0	0	0	0	0	0	0	0
29:15:00	105300	0	0	0	-217	0	0	0	99	0	0	0	0	0	0	0	-399	0	0	0	83	0	0	0	0	0	0	0	0
29:20:00	105600	0	0	0	-217	0	0	0	99	0	0	0	0	0	0	0	-399	0	0	0	83	0	0	0	0	0	0	0	0
29:25:00	105900	0	0	0	-217	0	0	0	99	0	0	0	0	0	0	0	-399	0	0	0	83	0	0	0	0	0	0	0	0
29:30:00	106200	0	0	0	-217	0	0	0	99	0	0	0	0	0	0	0	-399	0	0	0	83	0	0	0	0	0	0	0	0
29:35:00	106500	0	0	0	-217	0	0	0	99	0	0	0	0	0	0	0	-399	0	0	0	83	0	0	0	0	0	0	0	0
29:40:00	106800	0	0	0	-217	0	0	0	99	0	0	0	0	0	0	0	-399	0	0	0	83	0	0	0	0	0	0	0	0
29:45:00	107100	0	0	0	-217	0	0	0	99	0	0	0	0	0	0	0	-399	0	0	0	83	0	0	0	0	0	0	0	0
29:50:00	107400	0	0	0	-217	0	0	0	99	0	0	0	0	0	0	0	-399	0	0	0	83	0	0	0	0	0	0	0	0
29:55:00	107700	0	0	0	-217	0	0	0	99	0	0	0	0	0	0	0	-399	0	0	0	83	0	0	0	0	0	0	0	0
30:00:00	108000	0	0	0	-217	0	0	0	99	0	0	0	0	0	0	0	-399	0	0	0	83	0	0	0	0	0	0	0	0
30:05:00	108300	0	0	0	-217	0	0	0	99	0	0	0	0	0	0	0	-399	0	0	0	83	0	0	0	0	0	0	0	0
